96,49.70168537242584
92,-59.368869182082626
103,143.19645841973676
92,-159.6549677205255
91,-149.51926721950844
94,-42.90206238433593
84,-3.3550967055916026
98,-128.83354044802894
89,14.261152696732195
84,-64.93141310794717
87,42.972182717939404
107,168.00800164245913
127,132.39921334394495
92,-15.354217197118205
89,-93.87567386916899
81,-164.94441544621372
89,154.0851808035475
104,-165.0261699081153
85,-154.50546970264412
93,-140.05946532964347
97,-40.255368818257466
86,167.5027431249926
71,156.8015857178326
137,137.03545652982535
99,-6.318876554805578
79,71.43146984165946
94,81.79426281814814
103,145.90366086415645
116,134.47094575428642
100,-131.42874258189536
72,169.13690569626033
86,70.37520221546083
87,-92.16560156882025
99,-174.98965278068644
91,164.21410386902144
120,77.25144086289536
85,-122.71582286094187
104,144.30487707112786
104,39.13443973218282
103,-141.70694694973145
94,-177.0283934082964
120,144.94786248337724
88,121.5864615981377
93,100.95653367174786
112,-177.88851498562673
131,-1.8947705880708055
80,133.41846828083064
88,-163.19925328302824
69,77.9122186238344
100,162.23539779059627
78,135.61225308300448
83,-41.257549041703996
95,-123.74012792577442
99,76.31318068333736
98,42.179472215037755
78,-156.78236675720999
81,113.45429434253992
82,21.749914056431166
91,-151.90890409313485
85,164.39296497637957
92,-145.87014218171396
125,111.9404706370333
103,-148.08826195152318
132,139.98711392780706
82,-141.00007640775232
102,128.14556761553575
86,-161.36956522784527
95,163.52439855887516
87,168.86933975320864
88,-116.27353820401069
134,67.59048886478718
88,72.36408318858511
129,160.4330236477296
89,45.66259820993736
79,78.302640000266
99,167.14787775883207
85,-49.38340447562992
88,-119.38424005330867
68,149.46999817362803
94,-138.22266487741555
137,127.1514680655281
75,120.39838717899528
96,12.140587690382855
84,-175.5712764651426
89,-18.31867268747357
90,-44.45605156862311
74,73.43023154797947
100,113.86560355754352
110,134.90949612224924
94,-145.71858160672696
96,110.54498654645526
77,124.99264198268315
119,120.86677212851957
78,166.85690478204938
105,160.88339096554577
101,144.6630747989269
86,-113.25648966121244
75,135.61552321462418
107,168.46379434803626
108,160.67464256024547
105,143.2810908825037
79,-179.18636797561024
70,149.0497507450508
124,123.84957963930401
95,163.08687737211497
101,-39.72563381458278
77,72.02864857427177
87,-156.8873655230547
76,27.172402078168858
92,41.25218890857821
107,-142.72695778195526
95,-32.15798764935744
110,25.524195417345933
92,-131.66316212455962
114,-167.12964770938194
68,155.96929983549055
90,66.97148039076744
106,142.63632019140007
115,122.22033132361345
100,-71.09153707231366
104,154.42563354469695
95,152.106138827054
114,55.06775513263541
114,-2.773215218327196
83,-75.06564652197716
109,-167.39288627074228
102,74.77538767596761
110,-121.79035119822875
117,-119.50746558205236
95,-123.27905978036998
86,-119.52558204222889
94,-172.60120841062815
74,117.20343787350231
104,77.60800102181575
88,17.173633069308213
95,82.14002709640893
112,-70.96817105001651
87,-122.38445308088028
109,142.77594984310971
132,78.82612616444207
84,-143.12699288109746
86,162.64298629445412
79,-124.93162365554467
70,-20.829461688693687
93,-41.42554974429716
99,129.015245677184
82,-151.00776318204748
108,135.19691612545
107,132.2682387301846
87,103.51673075070786
85,-117.73694198894292
87,93.97417128117162
89,16.807612380747507
108,11.158140495769395
104,-129.4957350695049
85,-97.96601137096398
105,-45.70818091059079
53,68.70819272739244
90,-32.93986581987264
82,122.90802580010885
102,131.19568959305374
80,-117.98869045087298
80,-5.135811360572302
93,-165.70365503256986
65,-86.92375265042075
62,-20.52752682400829
79,52.873905379422936
97,-28.974361387632005
98,-74.89906104043327
102,156.3821454396734
101,-168.98666904754427
95,135.28023515572784
102,153.63665648814649
69,-14.898218384319753
83,3.0075710623761087
77,154.60816750648777
61,-63.01469143240945
55,61.591373174103325
100,52.39697373787257
100,161.27669000645767
107,163.21575766053581
102,-148.7575383190079
89,-112.31170591566293
75,165.0924846705044
68,151.26546438774943
116,55.22735993372234
70,150.72480077703543
75,-133.85927159938336
137,125.46298058032204
102,-40.92407847919275
91,-150.9910812241157
140,92.04540848888723
77,-57.12271375576084
91,-148.392242342764
73,56.13431125745783
93,98.30153084230865
68,-21.51455383584077
98,154.81798823158528
104,116.03590892192567
87,-96.88026402032328
98,75.57258951665996
122,140.04960294283845
79,-3.416224213955184
99,167.05177747992036
96,-98.0330166477147
91,-26.707971420487173
125,124.1491445952728
95,105.85739030317136
94,166.14098697109193
87,166.07318977345736
88,46.015170008319984
105,-100.39550365654804
75,30.46547616801906
84,-154.9819489466293
88,-116.46894863191717
84,-59.811155363392515
83,22.087671097528897
75,1.0552166927243747
101,-127.85773962976788
85,-91.54090573691248
88,178.4102149035419
120,112.20738236667157
91,-85.22386587287917
99,-47.059823054861795
111,-177.84827619084464
111,-63.85066614286353
92,145.66081308255542
69,-55.2598918690098
77,83.7398715743996
90,133.97138614966923
101,-33.22279275287358
84,154.6697635743341
79,162.62128693320662
100,52.29226932706527
139,-131.6071692084038
76,-155.74030072996766
76,-179.15057509984004
73,127.35359531984615
95,-161.87902853839336
119,77.40886735105141
75,59.71633815872381
92,62.96554954576929
120,132.0814855621216
93,72.81932942696386
98,175.64502743689997
100,-125.60791827891713
95,-12.49552515146755
72,-159.85260892810805
122,141.38001095255885
97,-137.3821836260288
87,-161.4888119697122
75,-158.40792022607462
94,-47.224387626846024
99,152.5411932196044
102,-120.18036515519982
105,110.07477222642925
82,-132.7340609746784
114,137.59834470547153
93,46.30719011885694
83,104.8464940215249
87,135.12218427643532
92,164.65428126306637
82,-46.766212101143516
84,134.69142407965873
97,-45.73470618354276
86,150.11882222134994
69,77.2471489929984
77,68.48124042760772
79,-51.5145641147578
104,152.15757429285128
112,-172.51791059982838
104,42.61698173698735
52,-23.310487576167603
112,-179.2716307708669
130,139.0888452852136
111,-93.47543059147891
73,123.79473463698037
104,127.44446379754798
117,59.114057363575576
113,121.55547625532144
100,-82.61048910222718
107,45.28376415436717
101,98.24983500165422
95,172.24866502921063
125,132.27289140968003
108,117.87140987688348
76,-3.9387742038058557
90,125.8872256937956
98,-70.97710502428893
105,-140.38612181288684
109,-168.5195601815179
117,-98.70742016018121
88,57.40259596365679
90,-30.067624474179873
82,73.27780380976922
80,166.62629196591848
98,162.53750138372098
123,121.45305670652984
93,144.29161931180278
90,-121.71161004525459
79,-146.8601002613597
124,131.62950509305085
81,-131.13034995135735
123,164.84439254939605
58,145.16500955381056
84,-147.65019100402563
103,149.31724914407417
130,135.16155769939223
65,51.3276464154768
72,81.75198682634112
80,52.12274699589776
94,101.5530458126759
88,-158.12379114262612
103,153.82615442636967
88,142.16176396676298
82,101.27927226962423
75,158.5645928168862
77,111.23951285127515
92,-138.70464748129075
99,-78.15535092430596
99,97.22084989242556
84,163.36356480151028
115,-94.02144633962605
105,120.37918997005758
103,-74.81320110834166
65,51.09448391022995
93,-96.5390656266499
87,121.015449656877
93,-42.37059468656462
78,106.25645415569551
104,-85.22849231522923
59,116.52018285131642
88,163.10157882449394
100,-125.10434502290957
100,104.6187772485376
85,57.083371681251045
91,-157.34312818644614
72,-172.68916859096993
99,144.233481438705
85,164.58366295528955
106,35.91541190686137
124,74.60853946979539
100,118.46263312145783
101,73.90098746809124
78,136.33880337557105
62,92.70894829285054
106,-120.86274685546049
94,-99.80546930928463
95,-134.30819639883796
88,123.4027779278576
95,-79.11789994920375
75,119.35581077782756
81,-45.39163210660176
98,-45.68839632781769
126,82.64618930246101
73,54.00938723269475
104,-123.07996538378296
110,-112.31011053737579
119,-166.74797017306372
91,11.05598981262429
93,152.50277978675027
83,-51.439660471693976
111,-155.29428562392548
137,136.52772864963896
102,-119.86122446304388
113,134.81926183705582
114,110.60462680413603
73,44.38750063496461
47,142.89182504690214
107,-49.26186055456001
96,-165.37792173476123
121,-9.712155001602735
101,50.17512516837756
98,31.020131701116224
102,139.2017459073985
91,165.23320897471316
94,-85.15809659966541
86,133.66954222516836
65,142.26614068243762
112,-157.6275813533723
88,125.05896052291207
72,-146.96704590935158
27,-26.6240487614607
77,107.8972737873368
97,37.53645386058952
93,-137.98223278195604
92,134.3410080352952
113,167.5404019819109
101,32.510744253091374
76,-109.79277199913918
93,170.75723377282696
89,-33.708195507895006
120,104.15410758343559
73,140.16522717480967
96,103.63839960534428
136,64.9247195245357
108,42.47843064513862
114,74.4710158695271
105,-35.24799187781226
87,149.50914215132397
59,147.45675317274893
49,76.016640791814
93,-0.8338260752692778
96,-91.12113802077981
105,42.40128845453657
98,59.958405614698734
104,117.90150717568834
87,-155.00259765317807
108,148.06357878362104
107,-172.96847391369803
73,147.16138374190768
84,-10.681867909464012
83,139.4472952187065
70,147.57757473033317
107,-168.8303208903405
103,-46.015207117322134
81,116.09669945559176
134,-0.4275725068334077
124,-96.17368630276506
86,161.00960642608445
92,146.0036581075757
95,167.20483478490192
96,-127.31808133473312
80,171.5017552780759
95,122.49189700292744
86,13.079786210995158
88,31.81345852498567
99,82.02647116588389
86,151.0215613767702
86,3.861917586409772
102,104.73717201133536
102,-42.55552345437264
79,-154.59692542489307
127,125.01876088961926
70,141.8168333330172
70,162.02631309492847
99,-128.50117289957558
86,148.81591694606442
103,61.70527032579762
73,52.6263773776188
75,106.1919293385585
96,50.349502335537466
96,-160.85272573040882
129,65.62222034305678
95,163.84641311735757
72,-7.6609089372407535
107,-170.40515487608383
86,120.64113005388646
125,135.46928155093323
128,-87.98313798891742
86,164.62288900248393
109,-20.051395220579337
94,177.51513118549985
102,-175.49784848938603
94,-61.912170752787205
103,115.79187895210146
98,103.9463065105378
90,-132.9812762139673
81,136.59616705812945
88,-31.143928205514378
78,73.740311804095
75,110.634127959615
83,159.9866714026442
87,120.89845978488354
87,88.97360946122326
124,130.92200550018686
128,-115.35980628996305
82,160.58659867380487
92,15.209310096260321
100,-32.188001804589746
124,-146.48590148803652
97,-41.52449386903272
77,-93.78388708241654
121,129.08690660746257
80,75.24462728813461
86,137.11841747235235
95,142.15462522463147
82,111.26060442989134
83,-6.604910555614388
100,134.7248828618311
76,-154.00451276710294
126,-9.420049408071549
75,-94.64291952080397
81,103.2444230454954
131,-122.11153374179601
95,49.68705613946625
103,-66.72406801817772
107,34.80151030560977
81,146.41034004588803
108,-29.902854481025223
86,-49.31432385259567
73,-151.16068563695944
47,149.10255254305963
100,177.6628671195521
44,86.72564788771545
98,-52.1406780003474
89,148.2715108253024
78,-162.4926642399956
77,115.59452353057668
135,154.31544681994617
91,77.16548227505525
92,-145.80912863465537
127,-117.21704676855441
123,134.54892948777933
72,-7.093454295303001
109,32.572375049381755
101,145.15686861383656
101,17.32219600365028
111,43.10198307622245
101,-76.71952347244735
103,44.38685576152647
110,124.60474677020747
86,160.25147670302587
109,-150.89346319699604
91,-100.61927093450497
95,-48.597884628532825
108,147.27186381585986
112,115.79861960624896
109,128.19257085096888
78,-111.46682631213629
123,119.91743211736426
79,103.09972799809586
104,-139.24787193361055
99,80.82627309767643
138,125.03214377410423
95,-150.05077720114113
73,174.99261844418822
92,155.73226281291943
66,-122.76552850586577
78,86.58796845584754
133,-120.35986988844003
103,170.22717913190826
84,138.9026200188151
76,43.609923519408625
80,-91.98533361045277
60,-21.421187458726287
84,178.97010473392828
90,-87.11275963896485
99,87.07994032811035
63,144.46148805382128
70,-131.68644001035688
87,162.69898615467508
55,134.72675831007004
69,82.45430435841728
95,154.1920778544745
86,151.53082857258414
75,73.65623462271621
70,151.24066714765382
105,98.08630815980563
93,109.48853392288636
87,124.33141726368142
62,93.92716549854514
92,158.9687898810231
95,-6.109382379190638
102,144.1240857892206
108,135.953904211872
89,134.35485753469138
95,-151.63721190429462
93,160.07827890540685
103,162.37656119717357
60,154.73867845926756
57,152.232291367106
99,8.084049296909253
68,-168.7026587663378
67,150.6567545676062
137,-4.114932283761085
134,179.2968164482799
111,-5.904334851278071
103,-38.84570204566573
88,-47.91826817258515
84,135.73174068686887
110,4.669372954193122
80,-121.46734033912723
94,142.21134824825586
108,-165.45625647491394
105,96.78799252285995
123,133.00140155273542
122,136.81287480680362
81,42.49024072300833
115,-137.20705613882242
79,124.31237655035198
94,163.5888262848224
82,141.4263362170627
100,-14.495986158788668
77,-113.67743248901688
119,129.80193341448967
114,127.94342414999616
71,134.3353920521015
94,-147.733020098337
92,-86.01787132208496
68,157.35714600175487
68,142.92779036516248
104,-148.85918990572827
134,128.73561649013467
127,163.89791501612225
87,14.351802702052156
78,80.16346573183111
98,155.14587533537292
38,174.80997529881606
99,86.04212669536767
81,95.10349692239534
93,-90.48844762498636
88,-174.65032140058125
90,169.74501651123347
90,156.32045597899412
92,-158.82273767255575
105,34.59466908292752
94,163.42299576498516
77,-163.6530415038214
109,-172.03118200699987
94,30.70227602107319
91,-163.9114397319297
109,163.25089806835138
109,176.22137889892144
77,-134.75454454667877
79,127.19625965936878
100,-144.82058057665418
102,35.06924443972113
97,133.19769844990597
120,140.7573887284701
98,-139.51113097018643
83,163.97562487957944
94,30.763300399818338
77,85.81454889245812
84,-51.26976159226919
45,149.8357577686292
101,134.32636444106942
90,-161.53922830680733
88,123.40119989907826
96,164.97077328868411
92,-114.15185320847048
95,155.37982633394554
110,-71.00551124034207
72,113.57895253504803
77,83.53826179896505
79,-172.94111398719093
82,114.61709057214837
113,24.393647991489694
70,-4.55908060557849
98,-40.871529096462815
118,139.49776012852277
71,150.70354347724918
101,140.69987096388962
90,49.7798652687269
90,-156.38481700774705
70,-19.844723373853405
64,173.9584604471665
105,-41.912837686459696
81,76.86788137444395
80,125.77944595176677
103,-175.1211496065075
91,45.56203710397326
89,-122.09608594974927
83,152.9929945656472
99,-86.1650161013564
101,85.34161622463203
107,-165.3486016990962
83,160.5479039123549
78,-124.76984842002929
76,-154.69678252559535
106,-39.76220949434218
97,138.12887219046533
87,166.87938631123973
75,113.8680618128561
120,-178.32189779385047
97,108.27111991569107
117,120.38488802548767
100,-44.26058521591086
103,40.15963532733563
55,95.06510171195158
103,162.25042092317284
99,-43.39105226643792
85,-147.46180005807727
71,121.7805521655921
103,77.58719864846513
86,139.17525687335248
104,-29.264833650026734
106,69.47666247973991
105,82.86778573046797
126,-153.16962590345457
128,137.05385772783706
98,-38.60782016564285
118,119.11753709305412
111,-168.2193303175888
85,-136.98752221051097
99,98.44533674140057
103,174.75543000992067
126,139.9453125534284
78,-162.53825656418647
91,-175.78649066287946
68,86.72280546691795
84,-22.3352961555091
92,-139.28863021180007
62,-19.813242147899793
116,162.34260112303272
71,-119.33717930974672
67,75.83152286028493
103,-35.54822379181634
107,163.03129315606844
109,145.3016012489736
44,-173.88983698655264
85,-170.71627498831464
94,-43.158228183104384
107,15.419426608654113
80,-164.78382073031784
93,-170.61468242755404
83,74.37377798888247
92,-171.693944845668
79,106.94971154935793
87,-157.760988570348
121,-172.0745511678899
91,-104.79784720277586
104,160.61521625873328
131,67.70069237044746
95,45.5189732890112
75,151.48738779383882
81,36.734831818596504
88,129.93570192724036
81,-132.97798587887064
126,123.41980430410695
74,91.53982554131882
78,-23.320809251810733
60,140.98688810871417
126,121.96049471921062
66,146.44444139567142
132,124.31861046135803
103,-119.16108466191218
103,4.857775664045258
103,139.47136551107548
98,35.7277894916706
126,134.1582724620833
84,144.86024506052124
98,160.050609557798
75,132.52634449465683
88,-28.532398995174834
88,130.0898123686263
78,74.5695772099634
75,-133.48868361215577
76,-37.466007764768364
110,-140.39255609932977
100,144.73817526188066
87,66.12172073695261
91,-28.661733578052857
115,-111.49331053840282
100,176.9208799867835
90,165.2828349379186
93,133.66692433786628
74,57.85198120979351
92,179.61940356852978
101,130.17292818663944
121,165.95619932862294
77,154.64745086843016
82,75.27168437422056
71,-61.03800407065365
102,134.83826168501994
78,172.59922296148824
112,27.287737130942094
89,40.82351234040787
113,142.37541473491953
101,103.52444122357235
71,157.18448890422596
79,126.88973601464141
73,-95.13015063234485
105,-89.60490956889703
80,165.15083676707718
102,-83.83816185195691
67,148.05290037736415
87,-174.51253024681736
94,-149.25265375198995
83,156.2009790189549
81,29.392923551706524
119,-32.32170460805931
94,153.98206258233435
139,-86.71897984991979
77,-154.87268513715279
115,165.54432162504526
92,-109.33922672372806
91,-93.4964739664586
105,143.6864711089609
96,-68.94859457753486
110,-149.43539562353578
100,84.36854107334004
75,75.1478119975313
92,-160.48556455139496
81,-113.5533948349173
101,39.60537022714657
128,29.8304333967474
57,-96.1040370866402
131,76.38474508983406
91,-0.2810257754137561
113,138.0174362068933
107,160.5360135353758
85,5.792951971218891
74,11.001855055090056
92,-163.37872489521925
82,107.06332683324483
87,95.86874864190584
98,-77.4042614172945
95,21.624257807971834
78,82.88509851972866
106,46.46814953031723
95,-85.69447165880472
104,119.75702135431555
100,-126.79607239218541
91,147.90130192586852
119,163.44825166372283
89,131.13941218599376
115,110.19226694569926
84,-148.69971366056092
88,-27.116612438494652
92,-141.2375486030123
82,-129.8758364069151
75,43.30183728672705
68,158.30910237882205
97,-45.954571255164105
90,136.8738822626782
81,30.901938250742575
106,-78.91397502888127
89,-46.95900127792628
133,152.48233006863862
85,-123.66760762234863
99,-149.72763759060444
131,153.81614672782464
98,151.7285945888118
82,-45.64099940487822
105,-55.34444925297572
67,-70.1407586221411
96,91.19922158482674
105,38.355849793589314
116,-170.8764494110365
103,145.93449994008162
94,142.65339212916516
95,-115.07996841121154
56,141.79005952373512
89,159.1194985031505
110,-45.63153964842894
62,74.97315218973382
53,95.60310934593136
89,43.16787072404397
93,135.81629968347534
125,-33.31671027799537
121,123.41095345444239
90,-172.70962280751476
101,131.3618403071741
89,152.83043568444486
81,165.92816533766904
69,-53.59847547812224
69,105.60791378334949
143,104.04717616313609
35,-84.5879642930268
85,-87.80468533432908
50,126.86195652325604
68,77.60925911946313
86,-154.26907324718798
100,-100.77693407608066
105,96.59797186928803
90,-160.615668254999
111,112.92739465149505
87,159.54635461613853
97,-134.0467116183345
73,106.34524149020562
117,154.9542751112297
77,83.85682878044787
78,81.36054375064728
130,99.99345137732449
107,-5.503197796576818
118,146.7855995400089
92,-158.1266070433764
78,74.21905972979894
97,99.83235084497021
99,99.14163530775207
59,-158.16713564348882
90,165.97152143030078
86,31.998706524566
79,103.10832891125385
101,151.29685754485376
115,22.570763023730823
103,115.00673422160565
90,150.66441445864453
116,-149.88202157762555
116,-115.1271063182278
91,-147.722354396722
57,-90.80234118278725
72,90.62545509682684
106,94.92829126897746
108,141.2721046829594
95,-135.6258750967202
95,106.02065114113533
118,-167.3752375186676
96,-40.31619061133717
83,172.70609286318913
99,177.40147457274685
101,82.8180576404993
109,-149.29196344516956
98,53.817141595466786
97,-123.27698657235538
91,42.1183726706083
91,-163.77577777990876
135,-118.8254653083366
88,73.18557284064676
53,94.88437576193029
103,-174.555843143574
136,-118.42273801514372
76,-164.7577812543822
117,-29.81309026866274
89,-157.0830841543166
80,136.9986723233596
96,174.51193648550776
126,134.3610703080098
96,82.29132328802352
119,145.81610985225257
91,165.5615370280591
109,-171.36394044557892
108,157.5865684164448
103,62.24532105160064
101,100.43489302774682
99,-12.659218368203284
68,135.2509626022565
99,171.62888285769975
87,-1.8116262545098833
95,-111.47686584361395
101,-6.397826804161231
82,-117.98098706955338
98,17.208873661704132
84,93.10173005667025
97,-49.52784681569826
45,158.9714814290575
70,-153.32848046000177
102,16.632949763588645
93,5.262861520004445
91,-23.02154474910631
71,-173.86185666087349
83,138.1795841242113
101,-17.590719653130517
62,-151.7432806597399
123,78.88368038187822
99,49.33842337858448
103,166.19079845043441
102,145.44582205066592
100,-138.70403604867616
98,156.86576550290263
103,14.609493388030712
115,171.00350466587943
65,109.11516806715085
107,101.2401989708256
112,133.31845195244307
70,108.07599831835704
98,153.5057424268551
89,-64.13064671387477
84,173.29414899498724
83,30.55019321697504
118,177.24551622173786
81,45.21257509844316
106,135.71749446927151
105,4.365624026247201
87,150.69207893303832
85,178.8834239525013
87,-119.48125925520652
88,-115.42688020104403
60,153.5169234522136
84,134.57252600119827
70,140.51568807559985
77,-4.203550705798624
77,-45.46620072030016
112,177.1879743993233
88,164.58737381673276
87,30.629266975172087
73,54.9406788744136
82,152.1225552196217
88,165.91637623631672
136,124.51374450682519
96,30.01896578577865
126,160.73030875974234
113,162.92774364023688
69,-54.420854904551504
81,114.12246774722583
123,135.64713515273277
111,160.44460213802884
56,135.76155593099156
113,153.4422455534599
114,-155.95132040690922
99,151.307170915464
88,-93.52344547225148
142,162.60190449142164
109,104.43152890653056
86,170.09148472070567
84,35.93059750633984
91,-137.4792465606235
96,-64.02433254883724
67,137.84220423012835
92,-164.01743760003328
78,41.178081989720724
62,94.22770927342842
86,163.59504928915317
84,158.74399378582618
111,-172.50332193417
87,104.56016865820433
83,-144.6987523216692
95,135.1357315800329
72,76.41411541317972
93,17.65637933702797
102,144.76466472129076
84,135.82794461391052
106,-81.21802665923063
105,-166.4357663943046
101,48.13192210874103
70,-122.42062877674263
79,96.9175990088064
68,52.724230612614015
131,75.56459330264987
71,114.12521841168726
98,152.51096654719169
93,155.40553232378244
55,133.84741789603055
81,98.19034452924052
103,-121.59878451185236
109,88.29783445103017
90,15.641798091863167
74,178.8371376430584
77,51.64070569626288
79,138.00099571065698
95,101.79522560431404
88,7.913859314490929
67,128.1603121083775
90,77.63914679982584
98,24.014170281035238
101,-31.011709354479194
88,-135.85988408008097
98,153.65728471979264
95,-172.77625330800285
102,-87.79392607962859
96,-121.92023305027743
71,145.5930517769467
79,154.98499072131384
113,36.31518482774883
100,100.62069466188164
131,123.68873032283679
98,-147.28903771535602
123,23.61675935121579
100,140.2422149773693
95,157.19796940397907
86,73.0861644761338
81,118.3309610077101
80,-131.67823381135744
94,127.45832457430683
77,164.99022783105607
96,-138.4013637928755
91,-90.15490185655625
93,163.1666554521418
83,-157.19190802397944
79,104.47990045200936
77,47.09359379105255
113,-177.73795521475105
109,145.17010864011561
65,141.00024389477116
142,126.93487669340085
98,166.1819852746373
99,-115.50357536657857
92,-30.342750018127692
94,144.1652989070286
106,12.889624211453173
82,149.68181437503515
90,125.8823442992971
96,173.05967490144104
120,146.19189157748113
95,132.53187035420524
137,82.04691802856159
118,25.933209900896752
100,160.3816306339068
110,-121.39504878747373
85,-173.65650030098604
102,-34.934319978914885
107,141.63981333870152
76,-131.01693010976564
90,-94.41234974904538
108,94.8508275806983
75,-162.83918542807163
101,-30.28806113180161
100,103.7582448954433
97,-85.63137062506338
71,160.73972890596394
89,143.8493392934272
59,117.81232745301357
65,167.7979790743516
128,141.73420854057102
105,-119.61955136762893
97,39.80483723307499
73,136.15660623302418
86,123.38369623341372
101,-140.65236565010534
85,-32.39445541388195
132,-114.36727391031658
98,132.95791996290154
130,129.0399469547695
105,151.02510313617856
111,-92.55887668287907
114,141.99539078900415
118,140.75930185439856
90,-157.33293283514712
107,141.80611866821857
59,-134.6627836949662
88,-134.76321074539996
85,-154.9765860171427
89,23.345726560531077
117,-4.174537390423171
93,-162.3861454333522
81,167.82443681419562
80,163.8212598277727
75,-10.731307627260444
81,-172.96998235200303
88,-163.62939947007575
95,152.13101106996282
72,117.3326736169505
90,18.40605251559323
51,95.14935653059894
107,33.13408305632292
87,-49.21050641749991
89,134.04436443836155
111,-156.5371568680479
82,-69.67116834621025
87,-158.33898905567622
86,-151.30093919586636
65,137.01817168673065
97,-165.3795077303144
106,146.82743269806573
103,98.20600774926355
101,89.76414445453862
72,32.399468574643635
67,50.17377692558656
78,101.26426357599246
65,135.88550299326698
90,-149.97304309323368
99,79.66325399456123
64,135.94285275763937
111,121.99387875077082
93,154.2072876740195
83,141.16557369150465
102,117.11335636033611
138,123.56417110599514
94,96.23931993012421
133,-2.2382459405569737
82,30.12994492668407
120,24.48641226746713
97,47.251225466588096
105,57.237944196695686
67,161.7065124068725
83,-159.24749529007042
105,156.8003063264043
77,123.66434755497899
81,-27.662016810829186
112,137.33277871622522
101,-147.99999899047916
81,110.00290799237355
79,170.1286872860263
119,164.56580969869407
57,-107.03578087145605
100,-120.79106124872777
121,57.23830766676398
91,-174.1044923837195
75,157.82271569323154
86,163.8686105635296
83,-25.042166811410926
72,-48.68217970108381
112,-46.394176645726006
98,-169.1514856162807
101,108.4287705414981
73,113.3322533986303
105,-118.1908689018249
31,52.58374817772371
83,56.08716073030761
78,165.80704890299202
95,-112.7876591425365
73,113.2484840367224
81,30.517574007267864
95,-60.80548194072809
96,24.741533412700228
82,42.4191949359874
78,72.70174421584736
108,-164.82684342755527
102,3.4596565487721787
103,-44.565678292899385
130,135.19127721763857
73,-4.933151755689301
80,52.402988604751
117,114.69118053421623
116,121.20549384210693
98,176.97733677479206
99,-142.0751429615967
93,134.29710700103925
94,-43.07185942969783
82,-120.7794882332317
132,128.11444342714674
123,126.26865701496982
110,103.56109526461555
90,-168.33502278882054
88,-2.6971978830377363
85,56.99610118416578
103,170.83254249699124
95,37.93787017363001
117,96.0876276207639
90,-160.765329125232
93,163.5761412468331
79,-67.35846678678512
140,124.74453814102591
70,150.07252287759837
115,132.7184558875624
79,106.13801083485637
122,144.77125975878295
75,-18.794602643155887
73,-148.89872103439512
84,6.249323696541074
91,-88.64416738625809
60,105.04967250190018
90,164.9280131445207
120,123.26477340668268
83,134.82415289472215
83,-122.00945043577086
112,136.02506491499705
69,84.54292562554839
90,167.63915875883575
114,168.60790694021426
103,-41.662087567054826
103,-175.6140169156556
89,-163.86347309479737
68,-91.01695046073117
99,171.80698887431996
98,102.97718624162057
87,-168.73394606752387
131,-115.72836393352296
132,166.65253377750642
69,167.24026801560066
81,-173.93516253390672
89,-0.6101474676858258
61,-125.5929204888072
91,39.55507785646797
134,-120.14591293759193
104,-144.09317744048008
104,13.700450477820423
111,122.88255841375302
102,161.18821735956632
64,107.45129681887485
124,-81.22779129058027
97,174.444354557394
93,-29.646140776018395
84,-10.578797425082733
71,148.1101036272276
82,160.71271133138416
131,84.05120569975432
92,73.67764203764182
67,-87.87936383110367
140,154.80907186836558
89,-9.948202948738777
86,164.25155213933704
114,-79.73689388676883
103,24.688168361772313
93,-145.57287462856112
61,112.78932485319886
110,-70.79032664258638
102,-32.62028345655225
85,148.9972881824558
103,-42.5294861307482
87,136.44482007649853
88,-168.00320217350728
107,18.069916246246084
139,127.51727875637057
101,98.02838528618615
112,-167.8538056544407
106,17.035090841816533
89,-154.2993845231699
98,55.03786345163485
90,140.84389955959617
134,-7.615710015313401
100,-32.31822630679065
114,155.75068368275947
101,98.47676569001935
54,73.38173398656376
93,-110.46344653252714
83,-128.93561670716792
88,99.80230185124375
84,-98.20226502258281
89,-25.31801788188614
96,-165.3371504314805
123,71.01666702516872
77,-152.13297717914568
83,148.84635974574954
95,-41.72517693956111
103,-119.29630713947215
80,177.55300759899623
68,69.85574953089012
90,-162.8836981761535
80,13.033952372037577
111,122.547083099407
81,-152.3509452993927
73,-177.219742810209
100,174.1401093519231
80,22.33695536020623
99,144.89663343091348
97,53.689543175532705
114,-69.68927295993065
75,157.16761733546144
111,-165.69104890265982
104,37.05128830109572
101,-38.32300003074729
94,-126.81486844882829
68,150.7559158780899
96,2.6406559648201537
42,44.43512454819813
85,166.04516150602285
86,122.11370042949255
100,-12.560615429280638
100,-163.80472403108485
116,-169.35099697272474
53,136.3491454742604
111,138.43540734938787
114,-122.2420259967049
83,153.84261418914494
81,93.1774072513422
103,-138.73959063006455
138,156.1243805247425
92,-139.0382614920554
88,-93.08809180737018
91,-179.3314278766685
78,87.60709035013106
122,128.25502950146742
96,103.9035045526313
111,-178.00308514360893
83,123.07385252012985
111,30.229663025223335
72,-143.53117378472137
112,-118.02933462140483
100,-92.9308127340765
119,163.0295569514429
70,149.99673442842638
88,162.89273439534702
89,-36.967652790714666
140,-38.206556949027515
96,127.29574334122795
120,142.62729280349444
84,-103.5487764152595
100,48.125754772649955
79,123.62625151559136
120,127.32326191032345
69,106.95318761709731
72,83.163454336719
109,-151.13539496561407
102,30.08046150051345
87,156.34335464797414
83,-1.4456733582338055
78,88.1663366094344
120,127.98747381875138
88,44.4908517675772
101,93.56636746848557
94,-1.7249599716895017
93,-163.50076529193944
95,91.18059495998824
80,107.96295149631224
74,57.091388189899874
100,13.846083763459788
116,114.29274118592441
60,108.45843094413813
101,31.89860464189424
77,41.42022035368192
91,-1.8165573315012546
110,173.58419063765768
98,101.29029738051534
73,-151.28900747694345
95,-47.74453848309961
116,140.44502422700756
70,152.24764636512054
94,93.11736772291701
93,160.12733864898095
111,-163.6835283291326
114,116.24577439283364
114,-90.60823229355861
136,-130.64642059510476
88,160.42118100247154
90,162.80631618442013
115,135.9186577376453
113,177.99346973458753
99,133.93125844585398
100,-74.29591484721823
89,140.64835255275494
104,25.63529196860335
92,-148.92750409754538
113,113.09623308511706
97,-45.50208119509567
78,162.2604355789141
80,-50.1144292980415
104,-5.966674214596187
55,49.448023102250126
113,132.53244559102583
78,162.70757288279412
107,117.11746397603837
129,132.11979763508884
95,78.7834764128428
99,128.5936105027678
110,140.06172321300738
76,-159.5465358391071
92,-133.09660637737707
94,153.7700194063491
90,36.92325301294472
74,46.79866463861292
92,147.2314936993226
105,-163.992321320645
105,157.42034312324444
107,142.6085781937875
120,-168.50436092074335
107,156.40213799131797
76,178.56186129826514
113,-174.5291811265937
78,165.0462176646915
98,-139.8376959342611
76,103.40010624888045
108,72.99636928821309
75,113.20936913559902
73,110.30114940599528
98,-89.98816267485493
90,139.39187582439
50,126.70819048791019
115,-162.45560357742698
84,-101.61234670837084
61,-125.97283083712526
115,74.05270389944336
115,-6.500824902175585
93,42.83232258956692
113,-164.56994527338207
76,164.22064496512556
128,134.11637864332565
129,-53.94988346460986
92,163.206533497981
83,136.08865830726552
64,114.30767970418368
121,142.12715805563843
105,39.847487566216195
88,47.8505202344064
82,-156.77019997937467
103,-63.80229965716998
78,-165.1085831350885
96,-86.27994493392579
83,120.41404497914439
83,80.32541061117674
84,-10.49635652475752
98,-164.38205654840954
106,60.74506502088631
105,-167.51542460380793
115,163.63862535437042
106,-38.25424909568246
105,90.86576144961646
90,-48.81382601789305
111,-2.011816577087471
107,-98.98085822240373
86,-139.8071814498718
106,77.38595171837135
117,130.7506258855907
75,138.80154403285033
117,-158.30112061233288
97,62.22503057092414
98,162.8193700261481
115,133.9486538974167
120,-82.72652887958824
67,127.14856746416149
91,156.33570875395716
103,165.4205657646688
124,129.6679513231111
86,-163.24469351669936
82,145.7924408545004
78,-158.0688304218699
98,150.998013406294
102,91.23769032367018
92,49.25708544560506
92,-48.78458797081505
98,39.93969197999947
122,-31.204702322819646
68,48.43391051541377
41,96.96369639058092
79,-173.70889191623436
62,121.86304870024561
118,122.2363037081535
86,-96.23762333430327
119,-156.55567351772225
68,141.9537078297711
102,-120.36929101107198
109,152.17786287455527
89,30.67488174398218
84,-107.01767012572151
112,14.283985736725011
79,161.68210733465372
95,99.47926959273973
93,-21.820331900936537
107,151.44043944853897
105,-80.4946987483221
113,84.30835832982726
122,-163.12850832640476
99,156.44607445634117
108,94.48077603407408
100,59.671716952261576
96,-89.86082200278034
121,165.2368779921702
66,167.52753311226314
93,99.36568878072454
82,80.71696661480618
103,-42.801814931132014
82,-144.00092532795443
129,-87.70762224611659
58,-81.89391567238178
93,-9.068634700463589
103,-42.57776650693629
93,167.1064288480343
99,30.01309015229479
90,-93.74439176797567
140,130.00715815180723
77,14.715677270402356
82,122.10882546765848
96,-85.25946093466925
127,130.3261011249548
68,-21.56172631114726
105,146.04338931630255
93,-176.26604252433577
106,101.13486751836523
109,-16.75108436951715
136,74.11271807483645
96,145.97238028351927
104,-148.85503455819713
124,125.5399881280497
72,-17.442003710733555
61,133.77394670374463
83,164.83768285995208
79,-152.54776725557792
84,-171.85486572990513
99,154.2218868937692
116,-121.58463284693735
77,34.40202200053914
102,58.681879481221486
81,156.0357441815471
124,-32.12977453300135
84,31.18791024226084
139,120.21475317373165
117,139.47893020749086
87,-44.00307854549586
89,79.15503227129605
116,169.32916865295232
96,129.5955108411211
125,-117.2736774886316
87,-112.20247023567666
117,-32.32958003217346
110,6.250919227676426
76,-134.72786143424122
90,-165.90366492140947
76,179.0329100648508
95,-122.72538698499685
76,-121.61981135104931
112,-154.69158440844296
76,-134.70975411394775
73,169.24123934869974
114,166.75652620722082
78,161.73103577470908
123,173.32368473194552
103,134.58598618238506
95,-172.82399090757542
90,90.15426558888063
73,123.17417127341585
103,98.46255736233415
94,-42.78230126149316
108,104.6620329388672
66,93.67461502467339
126,126.74476074936557
140,125.95679989216258
90,45.38974681613691
72,-156.05872822605275
117,122.02581962422397
133,126.84258293969206
75,116.25952613409723
97,-100.8904578739855
129,162.04976652668898
88,140.26162922578652
100,167.34329509639258
131,89.05653264228485
98,147.3563611660002
104,117.05986479696547
93,-84.00256146560467
83,157.1878854261144
87,-164.759446878905
89,-169.1883573537698
100,50.4638144953033
118,162.38826476020316
99,-163.1513447104505
107,55.286013727266216
127,165.62694960350797
82,-28.536721038749306
112,-31.830935412227372
90,-148.94700669182686
107,20.442276763729662
95,148.76459911918144
87,120.69205302375094
97,39.801275270299
102,144.57575999647267
78,80.08874954907094
66,50.52971051627316
87,-58.81165032948648
89,125.25374250645777
93,68.64440680107704
47,76.57884863282106
104,-65.81218758206859
141,76.09958848720808
100,-36.54251367235725
99,26.848519312970716
80,102.79611375590623
92,158.75714143355802
94,161.5367178449387
79,111.81289116540323
122,121.64012250729421
38,-159.54309528680753
64,148.0234766206246
133,177.7576019477348
133,-28.772800772465065
94,103.49733861485547
93,76.07174655460837
108,128.92283857996992
110,-45.939642489245145
86,-119.48445910056451
104,129.76499158672692
94,59.72173994226938
79,-150.6175139238606
62,55.08347177188608
83,-174.6626623391001
101,83.54265781398962
95,150.93012066351102
137,155.26645073617976
103,89.52836214769253
80,167.83938544466392
83,107.24559888007943
120,116.89915540294386
69,151.50888102167218
131,126.23823599788855
109,-175.29951459863673
94,98.17755015086347
112,-173.32010491448523
88,-61.82743602223485
116,120.37729638508826
59,40.80365800242836
95,165.26537573825883
88,-176.16515215072332
105,-41.82211069090621
80,111.56803200840288
85,51.08768499213102
80,136.5850442797812
86,126.40987346527203
82,-147.9672346954925
101,100.59689567036651
103,158.20890789140486
116,133.38622213590068
61,-103.63102898523167
139,69.12901897949558
104,3.3610110501526376
80,31.78002094579603
109,-93.35754219935718
83,41.52082137593534
85,165.50016090636234
84,168.49318686567457
128,78.19414790623523
86,-48.704765337864124
85,73.5119735994628
104,161.80963743539968
100,-44.645048249233525
128,-55.559612646674694
110,159.77978480314863
107,36.64678016087873
79,109.6087868103999
109,138.7260705864232
143,-10.825459343031525
120,142.25684150753565
67,114.47241254795902
96,-0.5407332832061743
78,30.940392259171272
102,-111.75300571642939
80,178.39436242316492
95,-177.74887382180682
117,-178.43996387420756
99,101.15509504659597
87,-43.52887518334894
95,134.5487883074633
97,-74.76512201262166
83,-50.11535743916509
105,133.4368994706008
94,-69.41922543858388
121,135.88531382347674
80,-159.1928764127797
91,165.32096321303766
127,126.47885380378109
71,78.29482150836246
128,125.8685090293667
74,-175.9100692327142
86,44.05509530317577
100,98.38010495133737
113,136.0627173193692
83,-174.4141805669036
95,-49.7864524370343
93,98.68778527833425
108,146.14351855166274
112,72.12991355880193
123,162.76849248094277
110,73.5509208033461
97,51.346680346503774
111,161.64649537302267
91,-158.55062055968475
73,109.51757152520216
87,-87.61299402899051
109,46.78001590684396
66,150.4637320049403
81,-167.09471745744995
98,-164.64550191632057
73,-170.48423410611355
132,-113.28165551061713
99,162.8428691663984
83,-129.2800927949006
90,15.31546442745018
77,156.7863367579669
99,9.57290855878713
105,163.42538133079685
101,71.72503698119988
74,44.949705905312186
84,172.0020556882044
139,66.32161199155424
84,62.79425647600383
88,43.74262406969441
97,54.86406062225937
84,161.64268542052176
98,81.44335453520101
97,-44.20858980017471
111,18.532833766464073
92,-161.70415525517913
102,43.343029394534085
108,-169.64940038557953
113,148.74643618390414
107,129.43814786185703
94,44.095186786374576
84,57.926305034134955
100,-11.69911811385131
93,-137.59584625595753
74,176.49878510139428
81,67.01138742810993
94,44.46977935824141
61,-153.79589407834618
98,60.60574234722734
103,146.0332156425939
87,-179.33657421990856
94,96.19032453269963
119,-156.01399064541263
81,-140.9026846945425
118,-155.69954978807402
78,170.68927119985804
115,141.07095755309211
123,131.64268331011542
65,145.43583099337056
88,-17.967667737254338
105,-111.79494415649452
97,79.41140438762423
105,-120.05877602142216
88,150.56777800682002
114,148.69413938578475
85,170.51349550776038
83,148.81169551665323
78,71.05044222288137
63,75.87722002150284
82,164.00267273698952
107,160.8475403742677
109,165.1371549926571
120,139.2870803780249
92,-86.2000977717558
87,-67.82114659058924
111,145.57076131963458
96,-107.20044444055293
85,152.78263912780724
95,-87.55645844401427
84,-140.65078322477154
73,-148.58945222742489
83,105.46651062775578
72,-96.77595675558051
88,-99.25543331329767
93,-150.93389208624657
77,108.83307117031991
100,-164.2075725836728
100,-139.30774825550566
109,142.54931656118293
109,72.54491383506299
91,-2.8801203213154216
68,-22.15300539947086
133,80.49427785003995
119,139.16937997849791
108,-95.5119560912433
102,42.69393105782924
94,0.300966147003502
86,43.78027705040676
75,19.049532051864784
116,154.9136664228322
85,105.34636941750945
106,-135.19596805408838
63,-154.07293601302095
90,-136.23906565851257
107,168.64200704399
110,-120.8923555017939
79,43.047016053084995
80,53.50232308041774
141,74.58052301934974
101,55.41163395636816
64,52.68268888494529
89,-91.8741265723472
96,49.1241829717671
67,138.7053586494572
108,137.83854774475626
119,116.92818323439413
84,-166.65688149843177
120,138.41918379273346
84,123.16476401636105
86,-93.82951100897034
101,53.20694985333125
89,135.47441156679986
82,169.39706363112376
82,-162.6865654754466
81,166.38658447946034
98,-43.86297293004405
86,-175.6561407803387
102,83.72292478994352
103,-172.9911023539674
76,43.56983619803991
76,73.75074580728251
100,-147.04470655487125
53,136.4288036774148
97,-166.5836786771478
83,177.79562615537893
89,-30.835179069910797
83,169.90105079321128
106,108.52426768967571
108,165.34436093425484
78,78.02432423173394
102,17.240602013542215
102,143.08979856836504
96,-127.92183804317928
79,167.47160938815983
86,-166.58107191845346
114,167.0123831454447
94,-53.09438059845853
68,50.62164366548612
62,109.07979596011285
103,-73.59669042127001
124,-163.42636089880088
96,21.547589387844635
75,26.996357232363785
106,-0.9294577399588175
73,88.84101176049113
115,-173.4271625621145
75,31.215898588533747
85,-3.6534613194916843
58,-64.31920557159033
85,32.7807778223099
110,36.587873364448825
110,138.4068966344326
96,-121.6796341421733
98,137.03025049014175
91,135.61588159880543
112,-77.45403339278543
94,101.67983327101511
89,175.86051033712963
98,-133.19995243831616
98,-167.48681621476285
77,135.75979377372107
67,76.85347329525693
90,147.46296615816317
88,-171.14968508869526
90,-162.40218413232267
96,-166.1594461915493
73,-6.02050024035948
98,160.79850458223765
75,39.560005192050006
113,174.99791787660735
82,99.48238784149962
106,162.49991925008865
79,164.42684996707547
140,152.7554832060125
76,-164.52617123929602
109,-156.74081687490943
85,102.50022286242792
110,138.264217822879
120,123.37139029358397
105,7.82567794985658
93,-112.37345121658548
106,132.76732324886686
96,-108.77199837139882
94,29.082962986310925
83,8.349771010517774
96,147.36785786820872
105,-98.40736197356158
111,138.25122799234774
78,134.72697731233006
99,164.92395211257283
94,-126.52747518454503
87,-29.240266258725576
100,-175.85517981507155
94,149.69010113454138
40,-135.5544355051768
127,125.9718147977084
131,153.5770041608942
84,106.86836414970516
102,-89.56602349060465
91,-86.5095507903266
94,-158.9185551551293
96,-50.15734432757934
63,-20.93496683573817
105,40.049264119221725
113,136.87163624883232
113,121.7313365168964
109,147.8244228037474
79,172.61801443659184
92,156.62444736268787
94,-98.67408758382317
92,101.56567541145608
91,-135.13306533878205
79,152.5248282744213
79,113.92726287967464
95,176.02547469224362
77,30.231151002759027
72,32.224923795289854
98,27.37472625601176
85,145.06818421351326
104,-144.37567817265239
93,-30.157102234947537
101,164.61137241424993
66,-124.589086389423
91,11.060447586790161
84,-121.88283873429067
82,36.34692864197598
87,145.06195663965815
101,136.1134722080429
112,-155.4780346888007
101,-38.19129865501623
99,81.50739586073597
66,163.3645018253645
95,147.73102004084697
101,155.56677465396987
114,-152.2727839448846
111,30.795710218437467
53,77.71635118516755
78,137.62765556343783
100,-13.03141946614844
93,-150.69447971714064
111,128.8240713818287
100,-171.21975235750855
97,-53.025010706297
126,162.94464653411595
113,133.50551657210022
95,132.65550023629768
81,122.93141903309471
88,155.65268491301705
72,90.51191236995155
76,-174.40476078719857
94,97.9823430791798
105,-138.25953399398773
111,135.4230592218514
100,-168.01898666095173
79,-105.21535150170187
73,122.74852503017628
100,135.1015221210806
77,92.64612264515685
97,78.4147109078186
137,-122.24784684819669
95,7.263844381206023
63,110.09812224672325
90,-48.54806490980226
109,151.6288561433718
117,-120.82182048584784
87,-50.34957533436233
99,-42.488692671216434
85,141.02231118249264
97,131.25643141003846
101,87.6351469475632
92,-46.03858065010725
111,174.62597374983167
104,-161.07073905922286
75,126.46103179028016
107,-82.56491426789438
100,114.66466389713202
85,-162.39773287835456
71,29.983509826128188
103,171.85072266958946
86,63.64988492278256
77,111.19675397971874
86,-171.4200909052131
120,130.75028015704825
115,38.13312356411353
116,111.31572469370033
74,-54.30183198152485
54,116.00567819661565
79,-158.0242784521247
99,-31.225592978887462
92,-158.30012632757484
119,-161.40378462411945
115,-95.5720892005534
87,133.0308001544102
88,141.11201969524026
105,114.90461031314717
88,-150.6136483984534
88,138.00271575707652
99,56.31446430156933
107,-173.51515147116615
86,132.04740107324062
115,73.08147107910797
82,121.86760939908889
88,159.6977443629423
88,-96.30868163300507
132,95.54913988848885
62,148.2820522343238
128,-1.8980676545100732
101,147.1502306257987
90,164.6955310365581
118,146.77376561000318
88,13.010310463249974
88,141.86743762055585
108,131.5845172062537
100,-28.995807149913297
59,109.15423731071779
79,-173.59424861530542
92,-116.06387941002467
96,-102.64071749923801
89,54.08268038506573
92,97.59341051681783
108,44.487097773612966
99,152.06716437392046
89,140.5472977414808
90,-105.68363499956705
98,-139.87411641259666
136,69.36840033033499
79,-57.45069517448756
84,112.98532569920143
87,-104.93187654919458
99,-166.36553351877305
101,-33.42447336217917
86,159.52904297142288
115,145.70512612176992
91,132.6332943414366
88,-41.820721147515755
108,160.25723469091668
75,88.01823949590934
94,-87.42967286326895
117,143.0818944639303
103,-41.00597636778709
111,150.72549031249173
82,-156.5717251693421
96,-49.65499114943996
86,167.63264858470868
99,152.71765344046077
78,-157.4257717817733
87,136.1001158911509
84,-148.98449273376156
82,67.44829537558314
95,26.828601981438876
100,-163.98354765399617
89,-40.49574370357991
81,111.70435794660987
117,111.67443427234737
74,164.3064512129879
69,79.1822504591392
73,178.55821088151473
105,-114.40211576753126
100,145.49737171630477
97,-63.05692207909541
117,-167.66898180804563
92,-31.73898689767447
82,51.947527315017744
81,77.45472772311317
106,152.78512726838875
112,-166.11283310884045
82,-118.9470852491631
83,178.78791919874084
80,81.93605764763863
80,83.98104034529786
87,-92.18917016248498
80,94.48525500746143
100,18.131089181279815
122,-163.0336667225095
109,-164.7765281997907
84,-45.61622312695794
81,-114.77401018082918
127,73.56791999568368
63,106.69173511350557
91,-45.02363924145499
81,-145.58530725480338
106,-167.89358248975398
72,135.55478000947713
95,-43.8164361866806
90,176.64937960280653
115,132.8164024321898
75,79.9211243469614
74,150.8827881936207
102,89.54095197397595
102,82.22001658622905
80,-143.26231061314536
110,-0.5449884667547613
99,-13.437193226727977
102,-45.33264886598194
101,-27.633126592190997
96,17.245113919751958
111,-121.73872152016091
102,-133.2499285283484
100,-72.60618576485699
79,123.99643672446079
77,104.00278879237425
101,145.2958320262828
83,-159.03593882232911
80,115.182959341396
98,6.9500753096848795
95,-151.5257088048807
80,-28.809488036899907
82,174.3652394465824
79,-148.21246646472278
85,-94.42515522766686
97,-130.41803483163295
88,44.100561308503764
117,-140.0136284722618
72,-160.89368124844265
114,128.31276964196059
84,-146.13152535850105
91,125.95824253944443
103,-149.36832931771042
111,119.86278566227766
82,-93.44360518237619
94,0.2964946970907675
99,147.0582378082107
96,-149.5497204017142
95,-72.61761547874113
80,-7.085604744931983
115,127.06971378548577
81,149.11810729039706
49,162.47659582003016
99,-81.07982626083306
130,-117.78075403285203
78,160.68237262677047
111,143.53621265022338
96,10.193539883520902
90,139.9064011577499
91,-168.09711542491937
106,-158.3946606337386
75,177.8411086648176
132,124.05775460873589
88,-122.7174381750507
94,156.2560969669511
91,-161.64613649578936
119,-164.98363659694306
82,-2.1183001788844935
84,162.71536386348473
107,80.6241274111276
101,-66.05023025722751
84,-28.394696323158037
96,166.2351353922708
98,89.43706202939724
110,-20.244555786618665
90,148.61079808402837
92,-104.77722671964491
76,83.84289769840588
98,-43.910566220468674
104,22.8498348912444
111,-166.38719740256352
93,-63.373227262507704
83,77.22641319953915
113,65.58015231242133
83,174.74243436709602
92,147.81699683307286
83,-145.535084111954
88,151.18422945749788
100,-169.62734493395118
98,107.67910546002281
101,82.70824403004245
105,-80.20876162458875
71,-131.57565971827285
115,70.73323231621966
107,-113.09397112308494
91,-58.14296697961042
104,172.22993107781068
98,162.46888496897049
84,161.55870386240068
84,38.007957317274204
97,-85.38238521671703
64,93.08998869076667
91,-57.11695101136107
80,99.99463759262792
79,-173.77433972481475
82,-112.76581580390896
98,119.97912342098154
80,124.96406944443052
81,-146.3433196465405
109,30.974893053404735
113,37.46766145507268
73,162.7099754206849
109,73.44951466771343
110,136.88511874542488
83,-178.77790486013
97,161.35869613972022
65,93.04783394974037
108,113.99246092023466
85,-31.64237882653269
78,169.70937118685734
84,-58.74766681086298
77,86.117538397581
114,33.66265276256653
89,166.2213975607535
110,-155.033791786318
106,24.677426588886515
88,77.04083514380223
79,155.64765093826938
72,44.550852016661054
128,-133.31029649347323
116,26.246361767260794
102,99.96841820256488
98,132.94815132298083
84,-67.30297011660309
83,94.53723960374896
90,173.51772186928724
101,80.50622679066474
96,17.230912675419493
66,141.50565188157816
115,139.4184669554881
57,74.44247038927953
86,75.48162273067993
105,55.89433584694697
82,-171.55643267957956
75,125.06125934213954
57,95.19579738108196
88,178.99400167497686
83,169.08704291580423
83,29.055665858245362
82,74.661529211651
118,80.32095498898722
77,123.5500945368914
80,126.17752825891357
81,110.71200223803238
115,119.43860100113119
125,126.16100818990945
115,169.90173131418143
116,-59.36277641482948
66,141.80420311190946
87,-80.82766049117504
96,81.11602916117685
130,122.1982613665395
86,-137.47560791048502
82,44.18055635925232
79,108.37907009072168
112,174.6222595805073
88,-23.835679005572278
100,-130.09696225050055
71,54.60866998310622
103,120.05882630329694
82,-146.00913849502328
85,162.64206465021624
88,140.65089774965483
124,138.34689607037805
80,82.46751292934286
100,113.31449137530892
108,73.46980445531
130,-8.164132437153382
91,-93.24505749719948
118,103.14940042731995
102,-139.7503416739677
116,116.87962156976394
111,143.96450166376863
105,125.32988431051861
100,157.67411883703986
75,110.60185467229306
91,-96.07565825423998
114,69.915668365182
84,-94.23609425843077
108,-30.75409603997442
3,155.07919708857366
138,154.56149943170226
90,-22.96696326659413
100,168.68786957334797
101,-145.5526576390106
82,179.7974752579201
118,139.7687840580691
60,106.2457065806325
109,-166.03047961784222
95,124.36763015125207
82,153.40661846843804
115,141.13382959791593
94,157.13619923889564
108,-140.8743053457591
79,-23.796935626354347
77,-111.58990623150503
124,164.3768105070349
83,154.9930048829496
81,52.013738393787634
106,113.4331070727462
86,148.28814753207675
92,-160.4222322764768
119,123.93684985916096
116,-22.883889306174126
98,31.171058043068314
96,7.4190435015182965
107,27.643127138522715
109,29.62130405474621
86,-162.0476690383555
79,-96.88282837655306
95,163.4469830920503
91,158.26655154173022
96,147.6006026935395
108,174.3764829033939
98,-177.509819349018
83,124.22269502413786
126,-172.60022569420033
138,135.48722213331374
111,-177.6134611360977
131,153.9774556026233
101,170.20997247502763
77,125.37535104785809
110,131.49641886846806
132,-95.0889769296255
74,115.12679262545271
83,93.57460121204348
102,-78.72191512481037
66,138.51742244344587
113,-169.70095511581286
88,-11.32871174889992
55,133.73438018091474
94,-49.57570052224032
77,-124.16554342448237
132,-86.9925363924497
96,43.500887299824186
76,137.9424004844364
100,-148.81622186353536
111,-178.46601569433204
69,107.18414094146264
77,115.59494674425285
112,152.75112330769355
78,89.72364875712289
91,-70.3045763101996
92,95.75145188166981
81,84.45866730573846
99,168.43519210439507
100,-145.86593404395583
90,163.47962716475013
120,-155.15918503949456
114,139.25864912099607
81,-166.59225858188628
116,-158.56300321044515
89,75.69364541058887
99,168.24256218587553
92,-82.30398338950735
109,-22.997756279912732
123,-68.38571240215346
102,157.84997093137105
105,9.675808460314132
107,46.4440359035156
83,159.2271729838843
100,162.76933009030856
85,-146.69930400437585
87,141.55915277090068
81,103.19909614556494
107,163.45188968325687
116,-27.260244982172807
76,-48.46691438456216
109,138.09840313276678
116,26.476929745511
123,136.65871108086492
77,31.10163054715965
99,49.082702077839265
115,-144.84238017354176
83,76.98048475582365
75,109.67482530691063
98,156.3574330916154
72,135.09323761313956
76,116.04254757437671
104,-74.92228233280578
62,107.8728523083073
80,115.80073120748213
98,83.2785347487213
86,-174.6185640972003
111,-174.39615807539334
101,17.22165881439852
83,5.584706608826501
94,-34.904129050964066
130,74.73966535839631
85,-89.39832622519306
90,-157.9334439454953
130,-123.6957209814808
84,108.31514714572873
72,77.96314297513501
104,125.03261795608944
66,87.36179722449819
88,-47.84063458605589
94,100.19309664087932
53,-173.62200771784842
83,-109.97798350562329
80,111.89672933092294
76,107.32015336514331
94,-171.20913437690325
69,-166.59625604693554
108,-91.53106844920354
84,65.23341006608321
82,166.5351231082296
104,133.5758729873271
118,137.80487741966414
101,151.36035529739954
106,135.9221221523591
75,-174.52083024249578
88,-105.40160726491254
110,63.42846794254019
74,87.10653428648058
71,82.45023686095493
116,-137.2219926197998
78,166.66203734186263
99,-126.55721862794081
115,118.90197926175252
75,-154.66032455307334
103,-131.09669078230584
104,-166.02513240011152
127,88.44246740911339
96,80.66650715480684
120,127.78302503400886
67,-17.298358456658722
104,-172.9706274338676
87,123.84504897116624
88,-170.10861223689085
93,-129.31885689071524
133,89.62538804392354
120,114.76175358265002
80,165.97548805966127
91,-109.83681024201998
125,141.05206223920302
90,132.88597482528053
100,-129.8579453686556
82,166.66115236022347
92,-42.86262518029439
81,-177.809194352525
78,-107.84612086806145
79,-144.3495379135834
69,53.40586286452296
112,58.95065536994379
101,-118.87839060722507
84,-104.11027107541153
124,138.17896588743847
97,-128.49111035267507
66,78.25743291185991
91,162.86452537408758
89,-98.25695230107485
85,-169.0968710825993
114,165.70185616643627
83,145.6542561725064
82,-111.99232243439185
97,114.39288745288255
74,111.95961764746087
119,-152.77153429990562
99,-45.760339420877905
74,45.009151119777194
77,156.52646412294513
106,118.72632628944966
78,83.46658399342006
128,106.3917076493186
99,-137.4424424824529
65,163.20538835303307
109,134.5670452853715
59,-64.6909136589446
79,-149.22988540874255
79,-159.55905699527509
117,-173.98240816165173
98,-166.45665659940022
74,-178.15883125286553
108,60.98778233038885
96,-125.17013091933649
95,-87.03727774901918
72,153.21115843040943
115,75.7525584969307
93,73.51285724123548
85,20.42326424236897
101,26.509353798952333
70,147.17449571283674
76,168.39982635984754
105,39.428959165306374
82,1.1853434603673612
121,144.84682064268569
85,-30.89113317009811
109,-157.69970761425407
95,-165.54351932901358
77,133.00170840479137
119,-145.7633377064968
107,128.17855333948012
113,-154.01080086756394
81,-59.17891607054366
112,164.3743327127864
93,43.29777412380321
105,-166.10619942772155
77,114.43226433988916
75,-159.02778741858273
94,-58.04051147896813
105,32.97570602410463
107,-89.79903334670358
94,-135.76852441816433
93,151.11816046439114
98,-52.36916155560247
84,-158.41419204971533
75,38.957543047202805
97,-148.05859731199087
105,162.66452328438294
102,92.48443774789229
78,107.57194929885198
96,-164.05199777642906
104,-147.95203656247688
113,131.3006732167271
71,112.9614457104744
84,-134.8240839286959
70,104.77396305102468
100,-127.41981469175562
101,114.38667238149968
96,56.50924354666017
87,160.52604561817614
113,139.2702735547428
116,89.26081734277221
99,-43.80510348170687
61,75.0057897527689
111,-121.73840661427123
91,165.7225665013703
68,148.4170064880518
110,13.019627631675451
94,151.3924026831525
82,25.850616778557495
116,-168.79112318820688
113,153.9352338620868
114,-174.9830572214096
73,157.69791785501897
87,-101.72789914383341
53,-52.52724741005406
87,-46.485490958696765
104,-148.8670040302912
62,-65.25719524586754
81,-156.56519564798452
126,169.60511701892582
88,-4.403338336268126
94,135.4598644370534
104,121.82947363811506
97,152.7059074778459
94,157.6636343736392
81,132.8454979383309
89,139.25881935472114
99,175.07166293356278
82,110.66796696270151
89,13.420515231482664
80,28.666955783503433
92,-176.6800532605012
72,121.5124537430721
131,-32.795429075326545
119,135.2252646551249
101,-77.10609913264624
80,-49.3140342541408
102,136.29785818783517
72,28.075286590520378
105,133.09572273824486
80,177.3996226405479
129,91.21164039823121
91,74.73658208006758
131,164.99052491481206
109,-110.05247046960146
88,-154.66671448930202
103,-28.06059066502461
101,-141.3262497484136
97,-128.78507040633386
86,139.92634238744697
7,82.33087453793956
71,108.70542220217065
110,-170.92885437017912
82,-177.6943242664245
87,-80.39251381976784
94,-119.84468441228118
82,-23.805453059058205
71,149.0963249722409
84,120.9223314310356
99,10.637526164840786
98,14.133954850026221
103,-164.5206823049573
103,147.44071153170094
82,-100.9601008363116
84,-114.35105453302067
27,172.96672874499572
107,159.12201075733753
90,40.88679021819995
122,-65.05639147862344
87,17.61717181044323
90,15.411676962741161
132,-59.2054934624768
91,-113.2061532300995
77,-46.038468977669886
92,-85.6793857710625
70,53.767137663838746
71,16.32461534933849
112,-69.70388343516689
110,131.86128493555424
107,120.58199004143353
82,179.1445896408518
94,130.47698568536993
116,113.25034875892275
99,-129.9241527444387
106,112.22137532765014
116,-165.16217192825914
101,100.75009547539261
84,4.945881860415676
84,136.6345087368003
81,-58.536704742209494
96,151.92387009100608
90,163.8129284443078
78,150.92114850346886
84,156.98924305811732
101,-164.81852855758302
92,-32.61634930702303
98,9.839315750970776
74,144.25161057245282
109,114.25118997849383
109,44.77523235611709
92,-151.31944305255658
85,-120.17485109561386
119,-27.229514320222034
85,-163.78819301080617
100,-175.91008351028103
89,94.10686915688738
85,136.86865363974707
97,-121.72719419469917
78,135.9073211008643
96,163.75489940717938
85,104.41642103147088
87,132.70306839072362
105,23.82885116726111
77,74.44568233453025
139,156.51959362832875
121,-164.6593940454012
38,37.53739612782039
93,-164.3029108342482
88,175.9978337500403
83,-11.086946850118613
140,127.18828353258161
119,-151.51334522757148
123,135.56266192921436
104,-121.919148942344
86,57.07510636142622
119,-152.1723424360037
149,103.06793314079142
59,135.49430168115995
94,171.9029303255168
97,-45.63320077902164
80,75.43831092569205
86,156.3567624701781
102,164.3553986616277
119,77.86946300817362
70,50.45547244218411
76,136.0471566536187
64,75.42720544890366
90,164.28193574378238
119,-123.71468443424965
96,-8.989413732164863
106,145.47841460744107
109,38.12601046004525
104,151.0134374469722
86,-118.41028058866084
104,175.8120840430921
83,133.8965087340701
76,103.83150737035969
79,111.54043582553855
134,136.18276057913315
79,-173.448865598046
74,-85.00975960279172
102,114.3102111473137
100,170.7816241574994
66,149.85996984912887
89,146.2097799756592
97,-110.80653522136434
99,176.92016801263247
131,135.84300436335135
76,94.61439972822686
108,33.92146592152749
82,-135.94929719287188
115,77.66041066537503
87,152.6812527178541
99,25.67163042243311
89,16.917722931496
86,94.38335378256984
89,-26.385082176873418
100,71.65702734644883
99,162.81055782750727
68,-88.39962374047604
114,-95.4431713401862
110,164.36448992306515
85,153.4329830967291
98,-32.169874929400336
102,-175.18602764417417
131,134.24056982984519
136,-78.41305059368142
67,-54.714862527629755
101,122.69161147733207
111,-171.0080523415217
87,-30.182059817022623
95,-162.58962017972217
68,-48.86951187107427
97,56.03044189339114
87,110.61408824407367
99,111.18491791422561
132,124.97523875598814
72,-173.8614971317544
87,-32.086462036417686
107,113.79680366296296
85,134.73896778776373
100,136.6014774946654
62,103.55927452285458
87,-175.4793126046907
115,139.54800295844694
87,-100.34087268735917
81,122.13200313152815
123,129.16859622910408
92,175.2496820567701
92,158.6171041211333
119,139.7403498318722
93,96.35564294455973
91,-95.42944769252996
104,61.71721674614598
113,137.52338764115936
87,170.78052920643574
103,-80.98752446096967
137,126.30484140615012
119,122.11279708668496
105,-173.2787930628596
89,128.96150944172894
105,-118.69915793700451
75,88.12704014944201
130,-159.71502385280576
110,120.44535782530807
85,-0.2813219478183059
87,-45.50897796818543
87,35.68463144941708
93,22.603083561735513
94,103.20190129250838
87,43.51610617871555
70,162.67788669471935
81,-50.83278391856638
110,142.77846951338876
89,155.68232624989568
64,171.89974436273633
98,-168.50560127836448
37,77.30441900565852
126,-94.42459526455612
76,-116.89776275195179
101,145.59139201867066
114,-155.886359608976
100,-149.23335302656943
93,97.46790830477283
97,-151.55580994633524
111,-76.82203260712633
86,126.06730247759081
84,112.52693897850179
92,142.06838410394354
99,-139.55086317822037
134,122.84427929427774
85,172.21284154428093
99,113.6938748724504
90,41.392099908808255
90,-157.02857047758675
80,113.71583504635916
111,44.10265433936301
99,164.71378685804467
75,82.23699141179993
116,93.47015661829361
92,165.11642557835447
104,165.3633964343905
102,165.00119625999017
97,82.4486655522064
74,50.085571331059086
94,-5.833942789393097
102,92.05052706595245
116,-159.15287357301835
77,158.3357942995201
119,73.52294656509366
85,-101.09946060136501
79,172.26527489699478
62,-18.555492852725223
72,28.668341675235453
107,-165.5631649056763
75,74.19567173390682
76,-131.74959067707317
92,23.238321357683915
113,138.67898076025958
72,-20.712779926268617
109,-157.95134569305804
95,155.28819928802784
84,-172.93622246667923
103,-130.2451489438307
75,106.71529671676949
106,-176.81007119530676
106,-148.64798455776926
96,103.59491478104371
104,-130.75195205719535
92,-163.36679278950996
106,-169.85723249876946
87,-23.01479186492132
98,-147.34160076405496
93,162.66044163027178
103,16.38075923526101
102,87.91267089085926
125,-11.487008367490219
88,17.5041948507791
85,-138.68236250787217
87,-164.51345227727805
84,-162.92259725426055
86,-175.3355408276139
64,143.1057162468873
90,-137.23641239608227
99,133.39814825014997
99,-73.94853473298652
89,-26.852408587646313
92,165.36437052306573
106,-29.728186567380554
110,-17.90755207988779
78,-178.58742401634885
81,154.15139852281172
88,42.62596770732205
65,56.404333912052216
84,-97.60063360538146
101,96.15313512179213
71,134.74552111046756
101,-42.808463258868365
140,127.00641335464286
86,-152.60363657286052
103,176.02170119798458
109,157.6984310255959
79,-175.29971886176372
90,-162.67102069209488
75,74.51627097444602
95,-58.52370127525875
127,-32.86220902806967
84,137.88088543915143
78,38.31852394806989
107,-142.4496811993662
116,114.13762044691886
96,147.96420062014414
78,-175.0760683663672
109,-170.64968386583908
80,43.91140682306014
63,135.33301847415467
87,-135.94883159825082
101,-176.42846039282307
8,175.463485492562
102,83.5322107820518
105,-147.22784695515497
134,124.25338613509574
105,-147.83966157595378
108,-45.56240582115122
88,113.13210728733237
93,-48.602988164107515
49,75.40285484164757
127,-8.114018533678724
94,123.35281839414147
131,-94.8457359976546
77,-166.18384377155556
70,104.4984626562652
98,48.40700714110526
93,-72.18234178095948
85,52.346173166934975
104,31.68374309975666
90,163.29262208312602
86,77.34318972249169
88,141.51425514892023
81,-119.48824172908998
79,-177.75609681650437
92,-30.5108184259114
112,114.92978858537967
98,-147.50570877313206
87,121.55676606255044
101,6.852651138496437
74,-3.1161469449757924
91,11.12937250030147
66,159.92027435816425
76,-152.4707319368614
78,0.4013817482769841
110,-95.03264572828175
85,164.99111783963127
70,-25.46573175268547
93,142.52614195915876
91,-165.0764810765877
88,-164.15957114361785
106,162.4417827008446
101,149.6935853276568
133,66.87940756465365
83,-47.02330729058382
80,26.576506010553228
107,49.24427436144897
113,170.27431353923095
89,147.77365721443778
86,-136.31800498949465
49,163.46450779881758
102,112.75943012907884
83,-108.55270345241446
94,-114.76511502759044
98,44.09378570497833
103,142.81684442765257
85,167.53094182168064
82,-176.21055287907043
106,118.83720497962032
85,-160.22435102365623
135,153.88706353248443
79,162.90083942227218
87,-32.07152830460055
101,-33.3918112058588
66,112.72366496067517
115,-146.21292753282754
79,154.79881916989038
96,99.96589069669504
102,-76.37981536494642
114,137.87678171536183
113,132.78906917198202
101,113.464875132761
82,102.43953019330903
110,-176.81160284578723
93,51.729570791098084
88,-25.641947520078773
90,62.22974719486021
67,-53.67103784556246
96,-159.69522082533055
94,77.01626086072802
92,153.28741111479087
101,-33.47653824578243
111,143.00500267016062
74,31.1954121054849
87,-171.34813403306794
82,-176.22440481050296
79,-29.272798789327485
115,139.6293937457207
85,-32.05264750570027
86,-60.68012631083944
65,140.61512245572825
88,-125.59282792483755
97,-145.8087918468445
58,159.55756273093633
106,153.1353745523599
97,146.9694569895231
115,115.30864359081063
76,26.152398883923162
85,-173.1849540764487
93,2.588826698144766
84,-8.51321630412745
53,-78.75043507282632
59,156.03262543264546
91,-44.51144039586092
90,1.7334059911374033
123,-131.12793204695237
115,-88.46350787636443
95,-123.98948278990764
84,97.49736078345569
90,-174.98224220801185
80,94.76515424515529
122,73.34651584235063
91,97.45147213796469
123,138.94020621819223
90,166.5110229162942
94,-83.12644226326178
99,167.4028956726095
78,79.90919727456476
86,-44.21090752395761
92,148.26955823113207
73,-152.97665509775422
107,77.46268822268426
87,66.383696085338
71,-143.9602994404634
86,102.04850484620735
86,132.13261403760313
121,137.72442367657757
89,-150.0194013107717
85,132.01668440776282
80,166.28469036799478
141,122.78644023504042
82,-11.88171309929378
70,108.03320673214428
89,11.815952707759175
81,163.35745440066026
102,-129.8707363585883
93,-31.208099715265906
111,157.26058758885068
114,-31.80221148312904
104,-111.39674156542374
120,137.67448516031655
83,138.23295271139128
106,-145.04223714282034
99,178.82652462228748
89,124.83579582283359
82,-11.458225180193905
98,163.07671732099593
95,-133.65929713210528
85,-4.667610024826569
116,119.57162308284167
99,-43.007490694153105
100,32.72513844310196
79,167.48063320137047
98,-43.9984810142954
93,-151.44796042958717
87,138.8048379785385
104,143.7829050550162
94,-146.17930259383527
98,108.22526616654312
111,-151.14488871201394
74,-134.81699783609824
