150,169.9330300311053
172,-176.4932845291109
79,86.42166687235465
94,-159.72688519641653
90,154.33630442730382
165,141.4793553594823
92,82.64355765829988
68,-142.45632296590918
89,-178.39881597963623
110,-150.50297794534134
160,133.32572787198725
103,131.98219337857145
106,137.11044042635496
152,-178.278525204534
122,154.2841538526113
96,170.05077822814835
97,140.67864664845982
144,128.17555345291362
114,82.81311215010925
142,134.3805387714029
42,113.98584513938528
123,167.02163132391922
92,77.83669957425367
93,78.29103046215941
122,130.47979290433713
42,-91.44320819460097
116,165.30964661561785
146,154.7750751924728
96,117.47778888924589
148,152.76805174029528
42,114.0089508598774
116,131.25166258067492
164,178.818916804841
150,155.11850810424292
74,97.3528242957314
110,107.93058186819276
116,154.8039682188258
91,139.71608367614573
152,155.61157545960282
124,-176.48121122636795
135,142.8007845530425
153,150.6904178192832
95,56.72763769588315
127,-167.71035914026987
27,-123.15078393665344
88,140.6684021756147
75,178.07311682466835
98,9.844738163113913
149,173.5477962638572
51,131.0346694321609
120,139.5454059307999
86,136.470268010478
137,142.29688119753754
105,134.3857302357968
88,99.28573875774919
95,141.4969849531971
120,107.89160843558477
112,101.32959851458214
119,122.22688570778888
152,173.56335120529687
93,131.05636120444385
132,148.07182885666913
93,104.99302173785625
130,127.2735919420551
71,115.48612208720196
115,-151.0779908996578
119,80.36813444206254
109,176.70380195455505
80,130.32164868722901
106,142.9503721902013
139,127.8386711666917
87,68.5054893741533
138,172.8237392785387
42,175.73903345407524
114,82.81785468312724
138,130.40424924376313
85,98.13489527022543
61,42.60109036492753
143,176.51188894282214
93,110.66965105671746
106,129.53005982038476
121,-166.22347065915025
127,-162.07451740103943
99,136.19843495000836
150,-176.46851531963935
173,-164.07743312145337
148,137.8934508330099
36,-82.51122597387165
137,-176.4222039102587
139,169.10802973183323
74,94.41563426164707
106,97.98770856254846
116,129.93164044354836
51,154.413835613948
98,128.17937140121643
120,-169.62170802999466
109,166.26852217905451
140,157.9896345416301
125,151.33194244844802
123,156.44606594147143
154,135.09289786471996
100,84.07710674290753
156,145.5543141820024
141,139.79359276868206
147,174.36831256246649
101,119.0129757872445
131,-63.48545620997011
120,-154.36044411308274
148,123.32492176510479
114,103.23343628852756
126,152.12905305871814
88,129.81101567579907
118,141.90736527463616
8,-80.87705069512997
141,151.27066438176362
133,153.57388646416572
113,-166.987932944218
74,174.09726526937462
66,-99.5192199405296
95,172.4926020646362
158,168.83423698524248
82,44.68193047450689
77,93.74478523836699
147,136.5749679330466
100,123.70559680118384
52,-170.9674505324109
130,72.88658855259598
63,125.23103421725757
162,144.5207372146883
120,81.79028119472359
92,95.3786493709331
95,135.76951721913255
111,101.47825165406167
155,138.73330008889707
110,96.22450684193306
108,-144.89835799865173
160,150.9452431376661
84,81.37743244857796
142,159.49925589119033
164,139.13086993215828
100,162.63951301822445
79,84.51287482805145
126,-64.15868906216343
81,39.17536229252243
138,130.34317732859964
139,170.03775847861095
92,107.1670017361139
167,-34.483505459512095
132,125.4382725517431
90,128.4733292356336
40,-84.20804940731533
136,154.11770450456288
148,177.97579322582533
107,-38.54290679981006
69,138.34206706709145
97,123.63361223553838
35,4.860045028506992
109,81.46186892033663
95,125.49427141848712
93,115.15823781395498
119,175.43656006971352
151,158.36688122617574
96,172.86488725573554
138,157.3962632277779
94,89.29957250942313
121,175.67748152184342
30,152.86520080754573
136,124.43352561050118
103,128.9898279791748
119,140.73017719875673
30,63.96501745500364
146,154.89416212826185
95,135.5072932673629
83,-178.4788740432792
250,142.93957985787617
153,155.3834206236886
79,162.5489453093883
88,84.22574141385836
72,163.3369560676788
150,125.00091146276884
113,-108.15858269515682
95,174.85485308944556
76,109.65368977853129
101,139.4389994219317
127,-169.22935977648677
106,78.28401697314915
65,-65.97692382811516
145,165.67740389715632
100,123.49256263906071
148,154.1158568641188
139,166.43181798568554
103,132.54202265890933
121,142.8405140668961
119,151.7244984762905
54,21.08333461887376
93,143.9802281832479
111,100.64706082175663
80,136.22179996327225
162,145.36256445814269
59,-53.903091102435766
88,117.09248875560291
146,149.374555236443
121,-151.72569127532685
99,171.10356203017736
55,-169.39451796406365
147,119.8255585281922
118,125.99815306910915
121,124.81022936640485
79,116.2533781257534
148,160.9652802541719
84,174.66900365382423
130,-172.83011122146254
123,130.21822567726284
54,-141.15964606886766
63,128.0677231428654
113,168.51472666994314
213,77.62651158845219
124,156.75263470204882
98,141.50964525621862
254,43.50039013643728
104,139.6437998858365
149,164.50357572842444
111,139.1910084584046
116,135.3045046840058
126,121.49864370932495
145,137.44204375711016
106,115.420091314824
96,89.02488057905379
101,85.20273263449893
123,173.57906136577807
82,63.571784514369924
134,127.65729879773953
106,-169.02990526880967
7,113.50357372437023
114,-165.99434277939972
121,151.5352034307557
133,121.73387768895333
104,85.2070768994656
172,-58.30953293727591
86,130.0850948671621
62,126.21723018583015
93,122.98239660231388
155,-107.18110138860803
135,152.5917164558659
120,88.83274832597253
166,151.21263734762056
92,159.99412364573968
120,154.31479755749277
99,124.56601450393264
159,155.59820582528144
128,153.28621400339674
100,138.31799616469948
121,133.95728216690947
90,108.48173207740813
140,152.81975184785492
89,149.8615379846285
108,116.15501022767371
103,107.93610357538256
90,136.44160104777478
85,167.17860669236808
140,156.14411120879845
150,164.0868523457808
128,150.85722109504363
83,122.44770456986974
153,165.20874941218187
271,151.8684575736083
70,-156.84402328687761
113,-39.36204776905455
144,130.41099219155782
133,154.6213609529385
131,137.2150702542678
139,-170.76968523229195
139,139.68805922121143
100,155.13122989563158
115,-164.6064378732005
156,140.25839004713495
97,-159.8250544051165
134,150.43769324839778
69,92.88013325483136
99,127.34883267368232
137,142.51293994179343
109,66.9129310753126
100,166.3413732528691
109,138.65919012525083
132,-168.8993242737383
121,167.65897066899416
116,-159.51693892453534
163,145.7595164606479
130,-169.04402296572954
149,177.16584496523694
93,116.1019123825025
88,25.998700229387687
146,134.1959175607965
121,-151.88628122044366
97,126.86846322271326
72,98.72691373937111
150,154.7501233743482
81,135.9875525244972
48,172.7990164401524
126,-164.9096953588753
183,-143.60793630308117
79,87.24436901418791
94,173.03366110169938
131,129.1696500108222
97,109.11368912446264
132,170.36048849490632
95,84.18547190466816
112,123.06860088480633
127,-167.65309660002606
160,131.71371443736433
109,86.30355768472675
86,117.1704562222719
130,-40.277849845580874
99,125.44120588198004
101,84.6958623719584
74,123.90175521328533
95,168.96410605443594
64,128.82714294019252
70,143.1839215490244
126,174.37468342074192
105,139.20841008743443
125,167.8063685508159
75,161.70657902026753
80,145.11901633121946
121,-166.8219055025794
150,136.39942271251587
148,147.74700734250877
138,-171.12230839969945
116,97.38230340275449
142,135.29376045421336
148,168.91481853125322
78,97.03135329985989
121,130.41466081145765
107,119.04039915542849
154,154.97422438263308
96,101.38049025076192
148,-177.24420885498154
121,-173.41548020147238
86,129.26244465731781
124,147.102426152266
97,175.2168910626936
122,-145.20872914737586
152,142.82176711435457
142,160.21486331524002
88,150.71145897022186
98,178.2454225478547
96,126.97283872112291
133,-161.87496501584678
101,131.33520626547372
87,99.28137555058537
100,170.5980045062521
95,82.82429000314103
133,12.675176538330415
58,139.4568926835767
117,134.83650455424822
136,-140.12468898647106
104,95.83417942032473
96,169.6444711833141
146,161.41645723862882
78,122.7389434231802
106,97.39721644218098
149,137.20753272406145
97,144.22831901854502
95,108.27061751960899
68,91.74563628727307
99,156.53451851312417
91,-36.740436845035205
76,104.76192635330165
188,-169.7893457612172
131,121.38082610481382
143,128.89195470069174
150,154.8783262808446
138,152.7119906691244
92,160.76359650388264
147,164.73259197649767
70,132.0477804208114
80,144.62417383868467
86,99.86764804113324
50,155.60006774895766
96,132.37151575004435
164,145.06078799254917
72,112.6206972209066
151,164.79204953269797
140,144.07628584481282
123,149.48426254899323
103,82.51806027469917
135,154.08907904377602
96,137.24948454432797
78,174.42965974262958
127,136.29602014743057
84,143.4391906258329
98,148.70939580474513
104,100.69249668998954
129,-169.16250209801478
223,-37.827385393160036
106,-72.36103091879707
112,135.3669625785164
158,150.01505951378036
99,166.7428745480303
156,140.46015074270247
121,132.6171297657067
104,132.57064991332803
109,81.92083178823769
76,129.81131798399832
91,106.33025783417995
58,105.38360135611401
131,173.08502876492412
145,158.49749090807163
153,135.9445754037079
121,176.7533404337415
93,92.91002378978004
112,-144.5503528477642
92,119.21555237502697
81,137.20646454546136
164,-108.62017247292239
69,96.68354923046152
106,99.86382966268752
121,131.34326707357823
92,129.1448467293661
111,122.91543737543124
105,79.1178350726592
163,168.5724269670927
69,128.37298187996325
124,-152.486156401593
64,103.52022883099868
96,177.13382388714214
107,11.302427157696835
99,-144.49419443308875
179,54.75549576177783
270,-75.52168353300313
129,158.7053409908829
161,142.37846197170146
95,140.7169609525009
125,152.16577748761216
153,172.53438189183865
70,114.73275251136855
137,147.53388667135937
117,-165.04683347536587
101,171.65520934875278
128,-168.72742677573177
135,173.73646640170173
133,133.44177844801726
145,122.5693771571787
123,168.88157222332987
112,75.71184318331623
78,124.17475344883123
120,177.68683838952248
178,-85.51499568942509
149,-177.31593254094662
108,-150.15357888824283
152,144.44074227211962
140,150.87975617014538
112,121.88713635853577
96,77.77134163346898
148,166.66852695974427
144,142.93236379992646
52,-85.99625338837778
94,146.78979653978033
86,107.71571681892522
142,146.31733057644178
127,-178.15435552969655
94,125.91177739610437
93,-158.86220651767738
155,174.6536895789777
107,120.43666275407834
136,151.60649952344525
102,57.13720065186391
121,122.92727197577453
52,126.81414373786988
148,160.27631841878676
99,127.39343432373367
117,-165.35994014236547
144,131.69862873922648
65,94.68070093088863
141,156.21197418525625
110,94.21940284758085
120,90.68009044664022
87,148.32285960454814
153,136.54914136319684
96,134.1942518224035
141,-178.20424464151125
138,173.64321885852593
172,-177.03133191848852
101,140.53819621448002
160,160.20389630613425
118,-161.92429106812554
83,83.48654253629219
116,177.1704802925857
86,136.15164923422853
104,-96.52261170404017
82,160.64052668620317
124,-177.70471552418243
130,-177.44079702370823
74,93.75252997761709
98,123.15674427355833
132,-171.08476789117864
156,168.59679480385947
92,132.42257079242532
143,159.54541322741773
98,130.10549398045558
147,-112.35216910132357
92,116.3471562695294
118,178.7817310603987
116,170.63381893280788
147,159.89530416981665
127,169.70990846060292
240,76.39579085911362
99,-170.63060966110808
114,142.39800859747606
126,-36.37459042732888
94,121.87352202755883
92,174.14678977256273
117,-156.79171229392756
111,84.49780737138214
116,133.932552488933
123,156.40027160753624
93,122.43205594613548
152,162.05024653911957
89,-176.72564771311318
109,96.11908868495902
114,-159.79019715341192
147,153.5118931671342
156,168.49460542444427
99,84.60945503222595
152,155.74084909071132
96,118.07479394564992
104,127.0597645868457
145,159.25105099761637
179,100.4254508208025
85,140.33679894122832
86,101.03577665783355
148,154.3271734442585
155,160.8729043485817
92,76.81476295629763
160,141.29903297011677
101,143.74716289378154
182,-92.75843580766293
72,94.0052447916279
76,-175.60063710430646
57,-41.56838318851847
105,-95.56932187504025
148,143.20502651711502
119,178.4465921045562
115,150.82304288109194
111,81.7998472182705
152,-175.91231601687525
98,109.85958632914833
120,133.9701111748337
153,145.43416532947964
79,139.09682474901865
91,-174.93184733187644
133,-10.431844211429144
69,138.16724448022123
118,154.801600178487
99,177.8957545558648
124,-169.70796617218852
140,170.1686824971874
95,171.2909290451629
82,120.93657343317355
144,155.02370233222246
101,125.61603442605242
129,-167.96042660614714
100,127.64203743746555
139,145.42620705741842
153,161.96647484876985
129,142.03129581254643
57,139.26789029522635
134,137.90388901210216
89,93.11704245242339
64,9.25161323931308
81,-178.61952894304457
46,149.52430564532924
68,-62.13477613710222
150,139.9815938407484
98,174.05058275782068
155,164.24823928893557
147,-117.33685089891769
99,124.62630344790203
145,129.25408342552936
96,114.99963479406166
69,-64.90255324476833
67,132.0110734082633
109,116.95873349307426
107,106.75180137625692
149,161.59648644929814
156,-176.54902762737882
106,96.87667759026209
128,-173.41617858301163
64,93.11506543164539
86,129.98973584798657
115,119.61898622769662
83,113.61988995923292
136,148.9168753814692
115,144.21424665984446
110,142.2935014213461
81,154.27708247200593
148,161.97499780314678
109,80.4583962039442
117,140.1932547837381
106,-38.5529469215892
151,142.85083003396667
80,-17.34519742675645
143,135.37723375888322
116,-161.4484743216496
101,174.44203207535494
118,148.08315349410938
81,114.9443386747488
142,128.67349172539096
100,129.51287125578673
117,176.00848313077216
57,-171.5600883341623
154,141.9081868203694
153,154.46671742607228
154,143.80304687182257
131,-177.01787306279738
137,132.61692955675122
99,95.91371208439242
129,-171.53463963359545
88,106.57217716077977
138,-171.22859012599963
104,-147.3071931998251
141,176.2238585788026
101,85.66308474246706
131,169.00980329850108
153,-53.90382900913095
142,154.8359621292095
133,155.35545012905035
148,166.0153093315199
96,86.04618485242098
89,16.64744726558611
164,141.12865696995246
131,-160.34812660609563
167,-71.30063965963643
92,116.53944609018849
111,76.18497499782629
86,129.12165226887433
159,155.17749587610237
184,82.428152418604
118,154.40847827417778
89,109.09302985791136
155,-135.68138844654032
116,-34.60908061119769
92,145.16974308704974
118,-166.6235791899478
137,130.49399305490363
159,151.7560294648184
152,157.38453150842312
134,168.97932114685247
83,122.17673958094458
69,133.54817508812403
51,16.18083615977925
159,168.7329998742699
108,109.48496845270529
117,-172.47332180733875
81,138.82001420369625
13,101.57771420996266
57,13.033846378842604
144,-176.5815182221316
129,108.97080925231552
88,139.3908676953816
57,10.833096386734121
42,-81.1377161168675
100,109.97515616609483
7,80.0284036283277
117,-170.59376331460635
40,-93.60000882946036
96,84.8453037709451
144,158.11992290508476
151,142.26595027260572
100,102.67431032844019
98,81.70011600992446
161,131.76380864258226
178,100.90431769360923
95,-87.03348780020805
79,118.98449523161288
138,147.6529035056486
71,93.20243960470796
170,-163.54381152084446
135,132.2679952550884
151,161.41056885067542
123,128.29805815693993
142,150.87705320183613
144,126.83725728043838
89,139.72125331204703
141,177.04268824237948
142,150.53567770363304
82,148.37557239655072
137,-79.92417047858108
75,175.30455337051671
176,90.34624825535771
97,100.79418590002143
144,-177.23831070853538
163,153.7310877801425
62,137.70870676581507
124,142.42760095605223
105,116.74581373353399
116,-162.4024672311028
38,-11.43291323249358
147,153.74992671536404
130,-167.75269581231922
86,-178.55059908828878
85,148.50451249089062
99,138.89139705867493
99,110.29196834766343
43,97.91956095952561
95,176.2107914402128
100,175.32887536130193
133,145.59627646406133
121,48.27221756799298
86,142.17048170818254
66,-97.90640746648295
92,-174.73388436114183
64,120.59707744997296
159,-50.365615821832826
120,173.6679855822073
155,27.188714574061972
102,176.7995019219225
231,104.35234140589587
130,58.177970678850784
126,-165.05525902718784
141,164.88233920922482
99,113.8237842729302
151,131.40059464421458
149,164.8261328324677
164,152.86561625798555
136,-170.78044658067324
115,82.01087536811971
60,123.53073664282324
132,136.20872264940897
132,-178.12537558063136
109,-168.3572409328089
120,108.44189498501963
155,144.84545004782143
85,112.50115999100142
109,164.66474312000074
51,-11.09414306937665
139,164.75055459639256
73,-173.49504052735463
84,50.89899715844529
133,146.89898940847203
152,160.40630778107263
97,111.07673294994386
120,121.27910881185572
76,105.91691628861835
155,127.30183809772753
114,86.83988803349963
49,111.6491486058407
158,139.07572325759153
125,134.55306108499383
148,167.1528830613977
82,110.31009192967043
98,95.0339469031816
148,-153.15865635842104
91,81.32013290750264
86,91.65757150086523
58,139.29580917167843
119,-163.0046952062668
181,124.10174579058983
83,-57.208465018411566
127,117.43561711040633
80,145.2722245701044
65,8.336292616065379
130,-176.8299237818816
148,153.05145786444422
113,102.9831410045977
138,149.15660114847
139,159.3807208161017
88,142.8095116284223
119,90.51787532981213
153,152.82247902343946
155,155.88888170750448
99,112.23924176291823
135,167.71185623498292
162,132.62886902674836
60,138.02617523657912
134,154.1718343294688
107,118.92407866177338
82,128.04082973155693
143,155.31471761388036
154,159.03492721156744
133,-64.84339753761682
110,153.951839624969
148,157.6104598672843
106,120.63840417085939
149,171.9362920543351
96,110.32003019827238
108,119.45344230827618
99,122.29724580642414
77,-139.12696546197589
127,149.5549106976402
161,142.18114487808842
137,6.154208595854398
106,-150.8869991940783
84,136.4811343947744
47,111.75645596958493
97,102.43635286799886
102,116.89158732304188
134,145.8888769425696
101,113.08579713200852
123,150.59447209270448
151,139.78048581646965
104,157.34987248307885
86,151.12343612804958
84,121.85381934438868
137,127.49225710573715
110,128.81772707639706
86,159.74067342100597
161,148.86579270297307
152,151.4561942600295
145,-174.5747293108369
129,-65.89435612824488
94,104.32495839354011
139,159.95257787315512
158,162.78623111661508
80,174.79201925271698
112,102.59520637549177
147,176.46805341809844
125,174.38916468836084
90,117.75407152047329
114,118.39997549830737
158,178.19840474195377
108,-157.20890192007457
127,154.3349111744347
97,133.08878571797007
118,-153.04902871563084
99,120.26933073819309
120,-152.42765333203454
110,122.46089436216094
73,98.21944187398067
27,-17.530589666217942
79,158.6816612012723
67,97.02400759882006
194,-103.13835811401653
123,88.97355644203259
136,171.4636634389231
129,119.74931781049135
94,129.39954897985888
148,176.44836941042658
158,170.26441615946175
147,163.44540470292208
214,34.312197060155924
109,-150.82977555938382
74,111.06814023387992
139,167.3801491766629
92,80.71433435741372
159,135.83291649363164
87,112.47150996335637
148,144.86790029431427
63,-160.91133232467172
119,77.0307161544209
53,121.9179461157865
99,131.07273576442273
70,-160.0164967721112
85,-144.26897401717582
79,96.73452500509252
136,149.6646853935012
95,126.2733327322061
50,-11.974751173825146
69,99.73897106567651
27,-20.615905449744826
84,118.84549716523863
81,119.22861056163228
149,123.69980457412684
146,148.54683329692264
119,74.86637685242593
148,143.3666525174393
83,131.4967546182466
82,108.07301589548831
107,170.16441574331841
113,140.1350963595207
150,154.84234756719238
148,153.912406644256
135,134.76274364091682
136,174.36722417164722
107,93.66865206829753
123,177.86649897292708
49,87.06656149110886
36,-16.006166433084807
124,-179.4591529018619
113,-155.06929786185677
81,174.51707611182232
103,-154.34886614930872
158,141.11066635277032
56,7.667536475518824
138,157.61433140633545
163,168.32470696888052
157,140.57694788151395
147,174.7081868676835
142,-5.4067363487769295
123,142.9518629041595
103,131.91082500708262
116,-173.330379903017
125,-164.7411283940328
87,99.06580590171038
156,152.85050189690836
82,60.132459987651224
100,114.81919044195622
101,84.24270652681457
130,-83.79574940917531
139,147.53050743804886
114,-148.61081564487364
105,100.26179824538357
150,151.0768548246235
71,-157.98411804785758
100,164.8278330604315
140,133.4832109321253
152,156.88463139947052
87,172.14738559327657
59,132.5107926742652
62,39.20443150557334
95,164.6078775000704
110,-144.71889609504274
148,135.69457248557373
107,128.6507902569335
119,154.71014966173865
81,121.42253057050675
75,98.37182812476657
130,141.93785646101168
98,-139.15659071280038
114,104.0211607664691
155,-175.77821931432624
153,137.08306813600018
108,-156.44701002689317
75,-100.137743774075
144,137.12484316322968
98,142.64622317034306
139,156.264130597457
142,160.28118776232844
101,157.15078174731235
110,130.85287119271706
153,171.5850240097974
144,156.43209846039616
144,168.66506298163623
155,151.3247452252546
102,110.23609368204528
72,176.56607127253736
156,155.02551907828126
97,84.51451950430267
96,82.5438243417809
44,-178.35782253149878
138,130.33849599275817
91,129.67232989877385
72,176.18803699448853
91,166.12044596709617
115,-148.78637548086
87,-177.42976213146912
160,144.86402971992197
139,142.2382465026282
102,124.17866957402103
91,76.97770371043717
155,160.64010305047108
124,173.22368426929293
100,131.88670663305908
115,-159.39348684640603
31,-126.36567142012267
63,131.12475440223548
119,49.160472523282614
76,104.9301539628965
106,-129.22746428573114
125,160.3061968454046
103,-127.98384050438277
163,148.257435031229
130,-171.97037058082054
145,132.77024385717613
122,79.4459229651524
132,-173.3321039724978
101,164.60299030638689
76,-171.7568773626668
150,173.6958866613369
109,143.72283682283262
177,-31.991814845745555
74,86.30313904397445
125,127.49037830829549
89,65.65935710303054
148,175.23010845164117
129,-13.26876364769133
85,120.97893406657815
128,173.66489278168288
121,175.21117225447702
134,120.19455672367167
128,136.96397732766
123,79.36927344548457
103,95.55958304808252
86,137.3193569804835
97,119.83222188312516
79,-120.6863158953446
126,159.8258232131647
131,145.57857410296666
117,88.36052304655256
70,114.97997455632759
108,11.690075970490048
132,142.7726128279658
103,175.5682875435544
99,98.2494753947019
110,74.87563921883219
88,102.78196067989927
157,155.79638768629255
153,131.04337807358758
107,52.32662434121643
112,168.09417018452993
99,166.4845012021243
94,102.81249309171886
90,90.19594645957308
76,86.26193953378565
49,85.31430492556964
87,115.68413777238236
119,134.56381183744057
87,141.53418829229946
75,131.058427235018
101,122.57248329113422
104,142.0711888903358
103,-147.92542076854352
148,165.82355891363363
109,143.35416504149993
96,117.24278009517619
99,124.65557287881082
82,84.96172907524786
146,136.98518287049396
77,94.55704987954424
100,79.04538077309297
146,152.7499021309296
78,117.50574012532292
152,153.49417184516443
125,131.6331722709864
100,115.61449432588415
113,-155.2558465259723
117,-152.80873551563343
97,116.77587159223398
96,139.90388150420642
69,-172.71029188321168
68,126.60687290413983
131,146.61350282845152
125,146.50522423828065
108,94.92324212594626
128,159.2130367230582
74,18.73300565560429
146,175.48829411510994
87,158.1031259144414
98,114.49739143548109
93,158.46400319462995
144,167.5572271146477
160,155.3184845720504
79,150.75787514073951
87,163.6741699332413
153,137.91689225997874
134,-65.01226757756224
129,108.73947548055625
85,170.81445297882385
158,140.95093400319516
139,30.50868971297629
119,-153.58248239637095
89,113.77706220726662
143,154.4974610483913
145,166.06927213244194
171,-11.82879795386702
149,172.3092079038172
91,80.05980509395035
62,99.22037630759706
91,122.5160651647431
152,159.54082673364906
97,81.69493431685042
108,-92.23250694923496
127,-13.790344780764412
145,159.34696734523368
111,62.862996217076606
126,173.98305762396785
84,43.34825462923281
156,170.56989263270935
114,85.44535267660348
78,-110.25022277536706
152,173.0832871373516
85,-56.90279876943293
36,-157.66434471243102
102,-104.76259281214664
125,-163.85553321083833
101,96.41410769445481
141,152.29327675971956
85,125.0453748298149
109,97.10537373553858
98,118.43188860357871
108,78.93081847847954
103,113.1418800654233
127,122.85044570119187
134,123.80066621710306
98,101.76290234558441
115,-162.80979175044473
93,124.6589633877017
40,129.83144193180522
85,101.12978779202845
91,165.5078240248902
110,166.6242002429165
118,87.85002435976888
91,137.36502513564434
73,128.57366743384222
88,117.45766579193867
79,-64.40719784800561
89,150.8313747230512
135,130.54681482739835
115,-129.1839933242348
131,-13.709663556292059
79,171.35368891544002
82,-178.5984794254626
44,162.7765283645362
92,127.3075864039018
95,94.37377127099403
133,154.98583303478736
154,173.52818214906665
85,179.94256802952506
154,135.29931098434065
153,168.2127486371525
104,139.63687304824344
74,94.17557538747215
147,144.7894520481664
115,170.77667745651647
98,94.72427467305992
91,161.3182198322161
87,177.26906881806454
98,112.97324150721066
112,142.39229660815866
99,-177.8450559500466
79,96.75375052333652
87,162.18317295070844
58,107.04355765044373
92,92.94171869832063
128,125.55693325124531
81,117.8233755644343
138,-171.8026648249486
73,99.39885901553082
132,125.745874676931
138,134.58406435275577
80,100.87999210186494
148,159.6881534306282
81,116.86288327111494
50,-52.323001039902316
119,172.7418071842673
89,93.13256082358221
174,-174.69686338854754
150,178.9455571475336
94,119.54363479424724
93,121.8265042234543
78,142.2436020194598
97,116.62764391673713
91,140.33703738762134
88,100.78802517807266
150,125.61696323279881
130,-168.1627820873547
112,-150.4178760966958
101,85.80450418516367
151,167.01611555247914
151,179.31760845966437
84,168.75400940326364
49,-121.61305388421599
107,-97.32438993635981
103,125.02141956793001
116,154.80179383432358
166,-34.05101840753714
120,176.23708553771365
91,144.31990609944603
96,124.92876751476305
145,148.70317920505397
107,140.77643139971192
104,-147.32489822864815
72,124.96814138875038
111,-152.45941900013094
69,138.95281123143593
107,-144.94445018562175
87,130.60164720103566
46,-157.36331048218818
159,155.48430887036025
97,105.85050799347161
133,130.63217965089365
146,155.29195713541898
130,173.10510904623646
121,-167.79510058149984
41,115.98115834357655
132,151.7284904061692
142,155.94324899505898
149,143.4251183237736
146,148.2704694869068
142,156.07483659629375
141,157.05434885432507
138,149.7569333955377
101,85.65002942482987
138,25.93932263026819
107,95.15988876030325
111,167.2247076680374
153,136.63782401397657
139,126.80895373488325
75,123.91374498067094
153,154.86379565147752
103,93.03262295442036
48,-122.36236326100286
137,-140.4901536038264
140,152.81167519451554
92,15.350244921305423
150,172.04701335493831
97,82.67940211919723
149,144.76206478760014
130,-173.45426167813181
93,132.37735281334977
110,-149.93770144727162
141,171.32898673545128
214,-132.64573596216707
141,154.55826601047872
70,125.05817082274231
101,142.8809335373588
99,135.7338602262109
159,150.65383647472927
91,158.22022385506125
111,95.18237816267984
107,79.60219557041468
63,119.27315749137469
84,85.89395114150341
91,95.03210507416465
93,104.62529520370826
88,178.71210589329982
128,136.0484387810739
55,13.935162553390521
107,80.02908646671195
91,120.70340315721815
110,-169.09527607137068
97,171.67612473302208
151,164.59817131255883
94,82.60433815284136
118,151.96722441999606
99,102.45935211478991
102,108.78632065575893
128,117.73677750190421
110,108.93597119519478
120,177.56826981617547
137,171.94025169590634
125,157.05247469872612
108,-105.93413028436896
100,81.88175723205227
122,-151.04242512234035
103,144.94901213853638
70,132.87728732597023
83,179.63553674900496
124,-169.10106449338736
152,136.1412022161829
136,121.27723974677582
101,81.14274252125574
97,95.56893963519293
111,107.33314051377542
94,108.66049331764815
121,-148.4409624298757
109,-94.68567647328668
95,177.62332001921556
86,123.46549538574992
83,115.63902890179067
137,132.29758569928063
49,-123.29768372196237
72,96.12928446087935
154,139.39430738457375
149,167.00901573147544
88,159.28101229305756
97,127.9302053365388
133,142.29446320384753
50,17.586510207166537
100,80.19169857201409
31,-35.84314418034246
123,120.89051206961302
120,133.378381347683
96,114.37560710790386
105,85.555060445149
125,173.9000937261941
161,145.04557602339938
104,140.16604232366882
87,153.38529555519287
144,167.09043472768724
122,151.59117202550567
93,135.45807683797358
72,127.92761575373224
108,-150.43999634589076
78,112.47551747250854
21,-168.64322773299224
128,125.41258594987093
123,143.52941486246374
110,-171.27968906524566
94,121.91041079639389
129,172.17786657449145
83,169.64731795147492
76,88.45080685134418
60,-28.097597437714025
76,89.8984399794266
119,172.54948387509944
91,108.50608068439028
93,82.80998164300675
147,142.4682145965752
105,80.53299360408592
78,110.86593978503632
131,-176.27105522524658
64,124.65832110226069
79,113.00034029096858
95,86.27865888289705
118,140.32193350566223
116,131.51562324971
91,159.10990376057205
124,155.92808364177634
109,63.1514687895625
110,95.22377333926653
148,136.4553438607703
129,-172.5482709421184
62,87.14081331912887
118,-148.8774706328775
99,-29.887812279475387
107,116.61698430015063
61,132.3225784008776
78,176.5022834858635
95,122.17354024131981
87,130.6799204727408
76,85.14904034274456
150,-174.8262365904814
107,93.52015990186774
120,155.41046895857642
142,156.59476326146626
110,-169.6751154758933
160,-19.969574053733446
145,158.25609257105705
146,-176.62956942769532
87,123.39136580337167
112,154.1196505897933
122,149.93691215276286
102,93.87859596054345
148,175.21197511101127
142,140.17974272561793
102,85.25783704932034
142,-171.8848703977961
107,109.65375642974709
131,153.63099840733815
154,69.64201871681134
52,21.663280659597337
108,100.46222470986427
111,85.10685915871275
103,172.47670564277803
116,163.44727534261918
153,142.9134923879501
137,150.14397146753677
76,93.26127047752028
158,154.68310051780057
66,100.33850356811546
66,-84.85692181508746
128,-160.77105053736892
112,79.69729859830412
146,155.6746479427741
69,112.12885585930476
69,-97.16324092793894
80,117.6725817930615
78,-137.2253074913039
99,110.22536935762207
120,178.21878390285977
45,102.15462300550934
100,101.43375924927045
109,35.862463527958006
82,120.9127399291556
145,136.0921114125862
109,138.4906028801699
109,103.29087008241683
100,118.88434315063151
127,144.29539846767975
111,176.83589048892813
121,119.48442221459432
98,119.47611469679339
286,105.0462561945479
292,129.92091188818117
61,137.0677251508981
120,141.66557900879894
91,133.85332615688728
128,-172.08263065652164
143,147.2400541935199
115,138.15304404110753
93,86.87770806576341
133,143.20088777189852
124,131.70685311741713
137,-124.97375528527957
63,141.78956111391233
131,175.3830783711965
131,-175.90038843998073
153,140.26702920789853
107,142.26686972585
43,33.973474662321436
138,153.47421367970966
89,90.02472083591795
148,166.8912406719413
80,120.68174210005348
135,-169.62187426292402
160,154.80880478515311
66,-83.31266727913219
110,108.303258312695
96,117.49642369780435
8,-78.73736087820251
124,123.62418342086929
126,129.9062914910769
148,161.30078049385668
144,-175.47599653847195
133,154.07294501450897
132,125.67092509730166
93,170.18941990015912
100,77.64178026111352
103,163.4320516201281
81,130.72053828996889
74,126.9513041961174
40,-85.06757984791764
115,153.4483030949987
98,115.17047173584672
145,128.1453391733742
78,114.8285754485341
148,128.76623922966968
167,154.37948052493843
141,-76.58070283698325
85,99.46318373195668
139,148.199736008279
101,163.88819550663217
89,98.10139511970445
201,-10.99047877438113
96,128.5190315640312
138,-59.32869254409333
149,168.18708739717007
98,135.27562288439245
84,50.33475067003133
136,-179.5255723657106
145,174.1342271662229
132,145.56147109069943
151,176.76950706901107
140,173.29214974769909
106,-86.96754918144755
94,146.5773554573217
83,143.4958431651048
92,166.85546234538987
147,174.5295867491557
150,145.1954292976206
96,142.24847315030735
91,77.42345964845941
94,119.12776937034361
85,102.60937730880642
95,163.49192713651274
117,162.5873941629699
167,147.86743825100965
152,-170.12044729538133
130,155.40349379703036
128,121.96111581935139
138,154.35550199343285
76,29.02581943790893
119,-157.72116716384494
92,76.40518996199032
96,84.40842832255984
51,111.5241167376113
43,173.6980884861565
115,82.0883504968341
143,156.27444544785547
142,151.0539432934345
142,151.30161968910693
93,77.87355169493082
106,115.44055339751262
155,153.40752010128864
155,156.87745002256904
74,91.80565028251024
152,162.9936111993667
130,-172.81753533834757
144,175.97628956324164
146,138.0939804939071
49,106.38771723565539
137,118.62940222822047
137,167.66958212311786
95,124.68178803866371
116,-163.08814586245373
138,174.173836391433
101,171.90231325478163
128,-169.1230027714842
133,155.8109637057542
149,125.4520493078736
195,-145.23960343128664
94,128.8350585932966
91,112.6248162102865
107,-145.85416143525998
67,136.3169165178867
151,146.78696973494738
129,121.05212700592838
142,133.9787023308728
109,166.99546742766677
131,136.8426307676112
104,98.41363188188947
162,156.94954254075196
163,156.38857374430498
136,134.36890238177094
161,-123.12017980814717
153,168.30960465916775
89,163.36943052272622
48,-174.44121247021602
82,107.968383024539
84,-178.82179416509004
91,120.44321321526105
85,162.2797047359973
132,137.82185091776
151,162.85144188966063
78,-35.75940476824063
110,76.43998622318374
99,172.82545925723
134,172.90283809411187
122,126.33816075066694
169,48.25676750346621
70,143.57349887201227
132,143.24987992403234
130,170.3165152839955
74,162.65810643848985
88,84.07448578080104
126,129.67058958109735
75,99.9994535023325
108,129.95910648383935
71,-101.98355871277627
132,-167.5672014721255
89,110.26522518527331
88,-128.99231890736365
147,-112.76701104725397
40,-132.7690493176632
147,159.10527668296442
137,151.76308585963673
87,110.76783592502433
75,137.388227115078
139,169.11507544227464
59,133.6342820031293
100,81.0019929068715
98,174.00131563525412
126,124.24019832711397
86,173.13653588480668
95,103.90436293588493
81,170.59401575139984
69,135.15756688114004
83,125.2301810699548
131,-34.47143023576302
88,-175.5424499600656
165,145.82606492772103
118,-153.3833185412717
74,175.2121976420983
54,8.990893781457656
94,88.42163310656754
113,81.18556731674792
133,-162.0107866224354
117,-156.23179284342555
248,-75.91629318739051
72,163.4431224714287
73,-137.18924738253855
86,128.65361452922411
122,122.37354718543614
197,-9.986007968810274
112,130.85414001605008
90,-174.47613317490786
119,126.03190030092503
140,160.37083625065767
86,124.58200258171064
94,162.2944207248543
91,137.46153631573773
141,127.35095996121818
57,103.9522138980165
98,177.58459810647156
64,99.61192579606315
70,-172.48214723751224
64,168.75543591268664
131,-160.3669157988286
87,159.70468103569644
52,19.906315608578556
112,-69.50215764659978
121,68.18585722292298
92,147.32549298517614
128,-172.16888103732552
93,122.9443421733569
104,-152.07054189710914
113,165.336807137176
173,-156.13077321327557
105,-151.91908466530788
93,161.70619995970455
90,92.68028833527148
129,126.7997748433928
51,122.20690545919639
57,140.45894375238683
141,-174.47020010909708
71,115.71780540550019
107,79.7679580529318
104,110.28723711278906
141,136.19557716130453
124,144.98019378558877
98,142.07712534928677
157,170.93639124563086
50,12.946421614979956
83,-94.39511687380119
96,95.01384883657528
115,137.99902046249292
102,120.54353768443052
89,94.91627643304506
95,141.25622797110765
122,143.52827384193694
93,136.268100346039
108,168.57917742221915
129,141.47654699013682
89,133.35566210507446
133,148.15868266857856
62,-163.9681455991014
127,158.28253895654814
148,151.94223608162073
100,142.8492705390916
110,-156.50965526675267
140,165.0573242161875
197,-109.76216592655109
95,176.98260405851752
113,135.9145783765482
69,137.54798848286163
96,112.6010739946459
115,130.62282194754215
98,-177.9836483499561
94,78.22500373212549
143,-174.28430314287968
77,-117.41341359420585
118,83.79442763584701
144,132.64322307725587
118,135.2594122551769
103,-161.3210689482206
147,166.98207614487112
137,146.5670670328245
108,143.31158642109173
140,142.6669101152828
108,-159.06411643626174
53,-152.98944290955595
110,94.72229952669076
139,146.11043925349136
127,-174.66369726056175
133,176.85977209948695
69,98.70463660800083
53,-160.8375813767523
49,155.17557574250367
164,168.69164999038796
92,97.58945020749361
106,-168.21488903725097
107,126.09520382099562
65,127.7694592910448
50,-28.782831576205236
113,135.752854176539
121,-30.242433812607
145,132.94846794322007
98,104.22773985989774
85,116.4088812594699
94,-86.1690085854455
38,131.44373684295198
138,122.47348620690404
151,146.20911124863062
110,90.14177151025844
89,99.32516817313926
119,49.115800498634016
114,-150.98904995395722
104,114.46482039985756
121,-157.22003886335398
114,152.76028985030058
103,113.1020790649745
93,-86.61286688622673
82,107.44013580610573
79,-36.114383553322114
99,107.37829218430008
120,176.84716492166066
95,123.44994978053894
130,-175.83643315549483
99,-172.25560444914007
98,110.35343822821338
155,171.52694216337107
147,161.05065097169305
118,84.27927418655823
127,-162.2504279771657
147,155.89275250281008
137,-167.9612325767717
284,-109.66592738199434
147,175.04796015639667
85,160.1151014000581
146,133.04155803059294
94,-160.88672313899946
98,124.99193283277691
81,114.69523535456732
148,132.21967192054723
90,137.98606788778957
97,176.19506779825562
99,96.38133508288013
78,178.29415640562127
64,143.58122574125468
119,81.80113573833803
135,171.6489976611038
140,157.7364494581989
143,-178.2407082564592
71,-95.53395158632763
105,-146.92825637024174
108,-145.86173740307075
109,107.86606920129758
120,127.08804552561996
119,151.84862111969463
120,20.697150803199605
127,-172.55292510483682
121,133.11820957786844
154,150.9166739196157
59,-160.90530053864566
93,101.81162094037802
131,-14.261831934646779
116,104.02540606174534
120,-162.2568080739452
105,83.07522087412318
89,-178.3132956142545
148,-7.481625644902495
122,176.30395722051452
129,170.82859838055072
147,168.45531698778876
144,127.69362125636623
150,-176.51593973539806
173,118.15679298060232
89,163.48990540245276
54,-142.0015047763061
63,121.03245319636324
119,121.83448386796803
121,123.13158064070184
96,141.926836785862
135,174.98699319696541
114,-160.0673989787634
92,160.48845788835496
83,-11.005215031422006
118,88.53610126271353
134,143.95997714494456
114,143.04236904192874
91,143.65360998864122
126,-151.87119903544095
90,133.534350359285
89,110.41040003161807
114,118.65010645939986
92,20.66734204326417
74,123.77918505743092
152,146.87635159529364
122,-178.88403727561655
127,166.85606502198794
100,95.08580484218906
141,-4.693270707675064
51,131.19362862213546
100,124.17480588139071
141,133.86126015542612
159,144.82979342531075
88,-175.8958272324789
103,90.72791813927385
92,127.54198738397936
54,-170.14141462198694
99,85.81941025287
59,-41.53611109773327
90,102.74065284380731
102,162.01501765752613
143,11.094284074588064
92,170.02132630766297
81,61.947794231519254
48,9.679562837331353
83,174.7536346514623
155,-18.91471095093268
95,84.19124378179288
109,81.05335897724689
148,133.420495532665
93,-86.24412895286554
147,154.21623894453947
167,-110.71132553382337
139,121.60209313097064
130,140.01702220977464
44,82.92360513967444
135,134.79291875532599
136,132.92510127024096
105,-128.32342628200342
150,162.88987482498317
124,138.45120050192233
163,157.12355884100865
127,152.25139687871206
146,136.855408581006
97,146.35854175881894
91,98.1530063006978
127,82.68116099860552
99,89.31060848427488
91,-174.61591381330632
142,-60.563493216187915
120,123.82327568724631
102,34.62431577863927
98,119.78560178716617
83,130.67989655611467
84,172.97364631646042
111,137.43222922608348
123,162.0372715154519
85,177.03741420071745
62,-82.95342456035446
124,152.9385454723783
100,125.3677171010052
100,131.47579617665062
104,157.54192601346935
110,115.25961002545618
66,126.31839672939242
147,139.08336879823133
89,177.49611119250036
86,153.37200819833657
150,153.7908233969892
34,41.66499289795397
100,98.73748546911573
161,153.16728514941568
93,147.6443995020045
147,161.18091344069555
58,121.90646816523363
153,-173.56872546220683
130,147.9761061974613
100,79.54115085284397
154,154.2343485137617
158,162.20393160849574
98,-179.54232755246144
136,-171.28686373003507
149,167.15351396198008
64,141.30407056540224
79,-121.22181640279003
43,-147.58784692882796
90,102.14534240795277
98,-140.51357098440533
91,114.83980460296667
6,-169.30921284873685
132,127.71568838588308
139,166.36034886889396
94,132.4706409483277
145,175.81426988150824
148,153.77378603797905
125,151.9545217409185
336,72.26157158383664
153,154.18595371117985
110,102.47544442402783
115,159.32167956893804
146,149.3656417607282
128,160.4588236807808
135,-179.64967654257902
74,97.01862396736495
95,56.97702384892532
141,159.8816554992196
175,-114.29110387087253
112,-144.00979503959613
152,158.72339625038805
140,159.12809992666976
84,81.85111610590332
110,-169.5681464686956
98,144.59500174753998
127,-178.2886941780728
139,142.90687506118758
110,117.2594536714824
140,150.4498309191589
144,136.43422928949406
130,-168.37394380061514
106,93.6791778915418
60,-179.8202527987963
145,152.1200064108019
98,128.30221311076605
48,-168.6839386360375
67,-101.41979265243867
79,127.75501479317072
21,-107.54878394348016
82,123.4014652043223
124,-176.0927754571997
103,80.38740058357457
104,175.29724310342837
178,92.38113983551375
103,130.39972456750039
153,164.02161311051884
108,144.83203839874247
113,138.14280157349873
144,155.985463470547
154,136.1508074870218
126,150.20470974664724
117,-170.3559534429234
90,161.63631686919996
99,130.04706811437222
132,-171.9985468107511
99,175.52088398469994
93,146.74037448770113
84,82.0325526205876
70,85.5831222258959
130,129.64547221314086
93,111.52005635338527
79,133.61641537103893
87,85.20880848814083
158,146.10338533929706
98,-108.107310218192
157,140.77473017100118
116,-162.32301120476205
144,151.52972937743894
135,6.835749395832129
142,-61.14813839939146
99,144.74438676613
150,177.74611442196115
159,140.59592366643176
133,134.13712835749973
123,85.34894254350107
123,-168.67037961897393
65,-86.93673085016646
70,128.94893070410615
84,125.16212475328156
106,131.4038996651278
82,106.80697516526924
98,81.75770023222162
157,170.82878603877677
154,157.90612223153346
104,116.73202079043695
77,105.60612930193501
82,122.39079815781946
40,-80.02160451645373
110,164.81776421778082
122,-145.99698369299793
90,107.1541033817527
89,-176.70148661957117
86,130.55373523481188
144,134.5616325970444
159,-153.23252288352964
73,-137.31254774779126
144,-176.08790988337853
143,176.83027485597617
77,99.72846040091062
153,137.2083977652237
170,-86.8360071521374
84,137.0847314232257
102,88.81393665762405
81,120.40402052438455
109,80.64223223445924
94,-160.31987364033628
99,123.09838921067815
96,129.1524525784345
150,157.02845279615923
98,124.6747116683284
99,136.63065073632026
138,142.93337850160262
83,169.7333599184926
117,127.25291943461036
150,154.9480474170988
111,167.19060936746428
146,151.3548314260263
137,123.40656055840486
60,123.78147076141532
125,152.53896691502243
71,-96.75251764209192
138,169.4960708557826
129,159.27470741266166
77,129.93527852184553
89,-130.06611704546148
100,80.86424195010552
126,146.47927345459144
85,44.90675438445171
69,113.0887157683592
94,171.18552868354104
122,166.9780156310188
110,90.36957615939605
134,150.9172543654608
121,169.34905775235723
152,91.9695999155776
127,82.15864614142575
77,108.1333267598067
69,128.02401549854383
147,133.91733786947702
24,168.07007048163587
88,102.16442150232925
92,119.86385735721741
119,129.04830314020506
152,143.27068778384464
138,175.7802483219843
139,145.06114091530424
140,150.52894388334363
100,178.94908306338345
14,-146.74314903250794
101,95.71735959319287
130,155.89588766976357
9,-166.06674877240673
85,176.8389701693302
135,-10.881364487731394
58,-172.02717501132912
134,12.19169584949202
124,-149.9843254773066
76,161.95208789957343
117,84.5936047913686
147,160.76094511304152
102,86.44984442914996
79,129.02353741448297
149,137.02950735310353
53,-75.72940638030312
85,112.91443545870581
75,148.61006506543862
149,154.30901701626044
146,145.93363805866198
145,144.5794373805178
185,100.08334223638153
101,140.30324871847665
154,140.46493502055816
141,-175.573600538833
150,137.43345476135107
95,111.04125458495886
122,160.6358473972185
101,83.2975606492642
129,175.95974486929381
91,172.48483627824763
161,148.93389087243594
125,130.76802021221243
79,-122.08659123246073
127,174.69129286925016
99,119.72362180652381
141,156.69831690764076
126,120.62549206138127
83,120.3661716549901
118,178.40792811786966
98,95.79781951510307
95,142.42387629018322
61,37.956838692144046
139,178.0490912387002
121,130.72311862024156
83,107.3634655148821
122,133.00987204713027
98,104.34722245113255
156,127.38915077784186
111,106.80202636189735
80,129.1786003300378
129,143.8299032831567
65,-83.7129230839704
158,-153.80309630985826
160,141.42422361723686
38,-168.49523412716908
108,-144.97572991890283
95,-141.59009144858544
101,166.0251533380466
90,90.99391153062402
144,142.52026985039478
106,82.02558306179313
112,-71.1600328549904
127,158.00192164121475
126,150.78273170228528
148,-153.07004740111228
103,139.6243727609734
135,147.62248579943264
86,44.352931390658995
125,174.5939576739869
150,139.32960885378222
150,158.0839982302141
86,155.4720736843045
116,-162.3121073970476
89,87.12080593097139
110,85.88848394344973
126,-20.727968119739984
69,127.53926084404026
75,-87.00008488422976
109,107.14661651413479
126,-9.404496199704656
105,-130.36985439034584
116,129.42911949784565
113,-159.7459432055607
148,132.77201021352994
76,-151.8913045500767
103,119.63513976300206
147,150.45643062980784
117,173.908422803265
125,148.21671612902227
165,169.58941161096823
99,121.77408032421162
164,151.46185970848632
80,172.08082465690285
80,124.56486195634255
144,173.393645530015
65,144.34246512459558
112,-154.12514645192067
116,-70.00236299184873
97,161.4201689145918
193,-103.11388130432279
130,-63.881628106369526
132,142.88894839049465
179,54.487424103772234
148,145.44048681268038
131,175.41613797860637
148,133.1830189190367
100,171.53501618107578
99,115.2534032204999
28,146.53155048338274
140,155.9342202440875
95,129.40015485737538
114,135.6083270330731
123,158.64917605933164
118,161.7015119103987
102,-160.5717562591811
155,91.54675545576656
126,120.68929109801469
136,143.281976256096
46,104.89490662500286
152,137.28487338795463
49,105.80851421853546
138,152.11748482714873
36,-10.5480421973356
123,149.9837904000436
7,79.75839160367495
108,119.6613789828661
129,174.55100137529072
109,81.98412147817518
139,170.0035952539861
85,128.05115086058768
141,160.49646710079784
150,165.0960411764154
104,83.23587814543896
101,89.83165528470994
99,79.91887701931637
101,137.00966248686262
160,135.91002562487304
85,111.35172323978964
122,-179.3464702580864
123,-166.95817039181847
119,68.44141203699766
97,175.08045310980492
95,120.98199735922559
54,111.50032677403063
146,138.09622763190507
78,139.86298574169777
104,165.24553805435397
115,-164.68013547563717
130,-170.9345736479485
87,-121.30378130741532
115,154.92699519980565
139,164.58830485812538
99,95.30635563667924
104,42.61803037065623
104,157.1187845349881
137,154.37064476426582
127,10.98483578309802
144,154.42805674291208
84,-93.38910097248483
135,127.06370714859814
101,93.81884490731323
112,159.1182532481947
154,167.52552995458527
129,129.99769630810397
173,-155.65950287339115
144,165.85864928222537
79,128.69891954614874
97,102.53015885223111
107,144.7011880766094
154,142.01662277183377
106,68.17639036397624
119,155.38009566297336
129,140.2633421956603
101,-178.62338596757817
103,124.35114819207887
124,120.57503085096121
65,89.30049861617394
117,-129.76801870598155
102,122.46756646736995
167,-154.91830038418138
141,175.9589397755175
106,168.62470792579643
94,123.03381161313499
104,171.24166441759863
110,83.75916323688531
127,150.20926570828556
67,102.3830868835169
47,87.60754179591478
96,108.53675772175953
145,152.54152070660888
128,-137.1415015692103
137,131.0995529703803
105,112.07703502659867
149,151.4906071754434
77,95.05251252464784
132,126.78006653443137
139,172.31988371043624
126,-167.78580346728492
130,140.5674065608893
149,-176.12204543088362
127,123.37552857321381
145,162.95455436144593
145,176.51835913440695
43,-119.53999330145088
108,-93.73199288077373
44,1.1684584211634728
120,131.71406068366812
221,-127.69892403220449
85,-179.98568734178514
123,157.79139324514185
131,148.98312741024975
129,-16.03947092660285
87,99.93656302485915
99,102.1259454990779
84,-179.1535230373902
134,-160.4623607353242
121,80.09110608967563
148,163.92159539785143
122,-83.44010340832371
160,177.73258580055955
94,144.36213314689047
88,125.6573289297494
79,115.1146461647558
108,115.98760325542473
140,160.2726372036128
34,138.24774725035803
124,152.28867361809841
107,78.00907814120715
104,88.33227676475818
143,154.86201167791063
84,114.90964028416454
157,-19.364885494722593
114,-160.2112873386398
214,63.79498159628843
128,144.35330780447825
119,155.54862566332716
138,133.3422133217845
146,138.47646088481596
136,146.77825886262247
147,144.3565838738148
139,169.9426938067907
126,132.88625229936216
160,154.4102895273332
157,-5.330242748702325
114,-166.77062345021753
101,126.69189020135259
78,150.2541826192605
103,-163.23051768634537
95,113.50413268901922
120,65.4832752124368
83,169.3949070074728
108,144.74788854880165
90,116.66732072007127
135,130.98349950569366
138,147.5518858814106
96,161.71305521091108
157,152.27293870160736
89,134.25749269801472
149,142.54570627348917
138,168.6949106866355
69,139.70179445655526
148,175.47479577738065
102,144.45491059834987
144,159.42818377491142
115,-167.50902216494075
124,123.64419690305432
153,151.93974945110486
70,-176.78267512832846
137,148.55717518387578
136,132.27621549739672
104,143.59946240510033
103,164.33554927188197
165,-53.35687879091864
70,-99.500539534673
142,139.263147713743
82,122.40043025683157
142,-60.96553752989438
68,-105.91978856180305
117,-161.71771295251762
135,156.74919708067802
50,-85.80600662649015
160,148.89996008676263
110,153.8050455994595
66,-116.50446356293308
115,-172.71722651801872
110,163.85046436513113
141,129.86430290087569
183,123.95382688248871
90,98.86364135345424
125,143.7560723225873
71,108.37389547796164
109,130.85636112333384
59,128.5472727724938
79,162.03634090337258
116,130.70458241862573
107,-144.12544358728374
150,177.00047291923352
144,125.84623610685428
126,150.74025346848487
129,171.9181781807655
86,143.7081388645912
142,132.3051006045609
133,-167.60090591036698
113,94.36288277254695
143,-1.2423068922391254
123,154.3753384729359
116,82.288410400447
123,133.6593452600821
87,134.26908719631578
113,152.4240141557787
151,-175.7749556655926
93,143.86813635614402
153,-170.61546166356902
143,155.34543569294297
69,91.2510042845725
142,154.1044810122234
124,159.75682893039732
8,87.15242850514608
146,136.71762318375025
154,-126.40128222493173
149,150.89041730785928
140,135.42677086073644
94,69.14504989883515
104,179.0155881485889
95,132.45970488243614
98,139.34192393131292
97,129.1736643468027
127,153.75761853848334
164,141.82861907104797
74,128.26870157780763
92,94.28518146677764
121,142.50101808572836
55,8.992678688484855
87,129.68353290767143
92,111.17058693066713
99,131.7788600007206
84,-92.93750322682614
82,118.49046001299457
112,136.18709009553726
144,134.6721598700419
106,141.61721806743472
84,-103.36552994696686
157,152.6026426726003
139,139.54802714587308
93,76.8643814168782
83,159.02410045311106
97,166.07068386873038
145,138.17614776036248
150,135.93670554405438
62,125.8923133381282
159,141.49676391522715
149,-175.52175237945002
88,92.50713144047556
151,172.10330673992306
96,-161.08520741595706
154,-8.101263527323457
129,152.28594181484235
120,108.1815319100297
149,156.2058772686759
151,165.19436557199745
64,140.7537396146881
110,85.62480094353084
156,155.73262071706887
103,91.82982466714134
99,111.38846567146204
116,173.62030771154824
48,-168.03131931799794
98,142.6731562851226
97,139.70740929481317
120,133.46421099643382
136,146.78537627010073
109,168.32218346620581
133,125.40557771670828
156,-178.3603907616572
111,102.75671348707303
154,155.3187070285521
103,90.04320378838497
135,129.44382585387547
104,121.85982676477963
152,164.16412312941716
89,95.76963973684113
153,-176.0610428693199
105,98.04831952311284
145,133.86571490914804
137,172.07746199948338
103,98.74398572134727
94,164.42520371316758
98,106.34594959016624
107,-150.62681255114572
189,-90.41271008486618
89,123.28928918683437
143,166.84966905137313
122,154.54592106276837
153,171.30430753389402
81,111.90055509415215
80,113.64086785147077
118,147.25848662058638
98,99.91459846427325
141,166.659109740864
127,159.37416821480443
128,141.59809776608265
147,-166.18924579480037
120,145.14102535642147
102,176.96982753688002
98,-161.55770441068714
107,80.10148505660177
127,174.47427339829855
82,118.66430760278291
87,159.6210979546233
30,-126.58057282254158
77,121.84000463423286
102,9.092930964967849
119,-149.7667854246992
151,152.4827942033018
111,102.5272691385192
132,149.24305213842965
93,20.353296280146
142,135.72669492105368
119,-59.62315807812152
104,108.70602773422343
104,-154.21109021086727
96,116.9109422223872
132,-167.14079834615788
126,130.58302137018288
117,-162.5831346558499
84,158.02045462524444
50,-120.40619027263494
148,133.82581322587905
149,147.35662497679215
73,-175.95968520979736
109,76.81812923687994
121,132.15766589185816
89,106.73609721073953
116,144.7124093772018
83,61.89422108913214
101,100.89510478519672
92,-178.79512555397937
96,119.18005860496328
89,93.84721830652477
155,144.302622002903
62,-157.25294516904955
108,143.99055722398353
141,-174.88938734359053
86,129.1876631611749
156,135.52253296502133
140,-110.30533253750652
159,155.12468708069443
143,167.67606927725103
97,110.33221450647798
151,157.7879726693213
182,-83.32377014796342
103,126.64581607297339
79,120.50921199090327
138,-175.65828702887706
129,-142.9989068791131
94,102.21014534540566
47,-160.10846163734638
108,137.5785333310226
70,-105.08974679995367
71,-71.49545623921195
94,169.86377958927002
54,8.022907691807616
105,-144.73489938328984
141,134.57009065563733
94,-141.5114272149653
90,137.97131938159498
31,26.824088587938604
151,154.79489290300128
140,166.4581314316133
97,144.76625585016333
102,84.01824513661745
111,-148.27160909936265
155,171.3009017039194
130,169.09284091136738
155,-178.63478080228748
147,159.61775944818723
100,84.52766761628762
135,124.64573675403905
72,125.11356316301712
107,103.25378360862801
136,144.173629591757
112,-165.43074288117424
93,84.54347211372216
58,106.7765560208471
74,176.33827211225972
127,-147.17961085102422
98,127.99622635687498
139,177.0670400894914
134,172.09620015593796
99,122.45455100934501
92,92.79438915535356
78,118.63963529672128
79,-177.60257278594477
69,128.4092791867543
136,149.27090673309183
148,165.02873565436528
95,118.63348231029937
111,-149.31392539000703
90,151.78005496605354
148,-152.49840863956996
90,111.9543293645264
86,127.77494068312352
99,156.01852612744608
102,108.52519158196347
139,167.4468899175946
125,174.10933194214968
89,112.1184311358663
89,-177.39435555895543
141,177.00259830550212
143,160.0122484029838
24,7.418533765902575
84,117.2726739367553
82,118.14793445690873
78,122.37640069002015
105,124.43935096417964
131,159.84572820769475
114,75.64631789623225
129,151.5564358329024
94,94.93262295551024
81,119.26834536872792
131,-171.22550416741686
85,117.64218345171987
140,-58.59786979530631
106,-144.65530034662987
149,147.514894880725
122,-157.68780870156547
89,110.27878894849137
89,109.73551777030659
89,160.00229152817818
70,171.58073842578256
141,169.48649225230622
116,133.29291092074376
127,-162.36734031574372
115,-163.92734628477228
131,-172.65453804544393
93,141.0888615211627
115,131.40460715949274
104,-161.0294968450765
126,126.8362458167952
93,145.58230377588208
104,172.41003118853777
93,178.1137234158984
97,111.72857659832815
147,158.68599567009292
79,112.11786441811505
151,143.35929341020616
130,154.85959344697926
143,146.9792006554592
96,19.339709718567264
76,86.30039367198417
162,-123.19007793545242
106,-167.50672172593642
63,-162.65938313891695
145,137.00772773700547
147,164.01202373018694
115,158.5513704309037
113,170.34025807478562
69,-144.65361543531876
103,177.7490337807707
92,126.55472670162841
132,137.2123166225675
93,83.78416243001676
117,154.50042825108173
103,125.65585229067952
122,131.58475397443493
137,175.1619108781124
95,85.98615004339753
89,90.32783002502387
118,-147.51551846915973
144,142.7888729620016
147,150.102874080999
131,151.76656894424946
89,128.0054442175691
144,158.21679865773945
150,-179.9049616207962
162,163.31307631107006
83,163.54296207827272
132,-128.17267527034502
160,145.6958567930593
161,153.15267937624662
111,53.108633908533136
93,89.90025294336056
92,80.67360686967044
59,106.33656126640189
128,122.02346597203112
100,110.18964515763393
148,156.3518506684135
106,-167.81131898474757
136,178.65149446155547
148,175.24842682146019
148,154.17439043477503
133,126.48657363886561
86,110.36654973111943
89,-3.8223089123110157
35,-150.278939889589
104,124.8318991501247
100,79.4152624877046
86,135.7514925284777
97,111.64426361762207
126,119.65895574237346
130,-170.82812814760905
81,160.50143937108197
86,123.14591084740306
81,142.52201167577192
109,163.2311117427455
107,20.33969484806975
101,164.2232757563334
78,138.07840735291165
102,125.28483626460418
99,127.9187355139557
122,154.18579462067365
175,4.089344241636876
107,129.61180783516153
140,6.212325912853799
120,-167.73177400796573
100,103.51193544519592
335,-69.32777236547933
121,142.02212347566967
107,-145.2602629468101
126,174.4665754127349
80,114.93351341820573
116,152.49744278683107
90,130.8272307539561
96,130.7867690903137
135,152.91485394587534
122,122.50733001578057
75,120.9815776692556
85,126.07568400058194
105,123.06524232807695
124,-168.4956612606114
122,126.54064058829631
97,94.93717851760816
148,165.66138714218923
109,82.37643139793023
90,137.4101448984527
82,90.52842410867476
93,133.70738851926546
49,86.66224320050831
66,-143.71221171201756
65,-88.27140283695266
98,-141.2506416799365
18,-170.4939142629792
108,118.94027205392368
98,95.26164683288843
121,-170.4336687481921
128,149.69344828803912
147,166.9166436344074
157,178.66645113424238
51,-27.70465540467445
67,-161.69259012025162
93,166.4135101449993
94,94.85374918925372
117,175.75568409211238
108,96.51501771467832
100,172.19397540103924
142,-174.98486310236032
143,167.59745963633569
75,124.28914965405667
137,127.55232826362786
122,169.36156314754734
85,109.88353995161519
120,167.5756244730596
128,143.67874287078436
161,151.48603025339062
90,14.972140746640617
173,81.61651097808031
107,-168.76270194504357
86,159.47346967229527
110,75.57256418579499
78,129.3454670976582
147,161.61570423185458
150,137.23351992953152
93,94.74961429843378
142,143.18901771490036
95,79.16034942007177
131,57.81399078034595
101,136.643450445803
74,103.25559451331993
46,-36.75408232788274
76,107.01594698408296
98,164.4196877544057
106,-150.53017697842301
137,170.48371452382904
103,83.62189784578901
157,39.70589451336503
73,86.37980759883597
113,-150.3035264155401
83,110.86733389019182
150,161.2965921069133
86,-61.188116209392916
90,176.87382088922078
111,117.75069889145246
72,132.17938624748012
138,136.33198969697727
135,132.23530547305973
152,140.65011609502483
51,132.09172854753456
102,88.59248935059603
120,157.05970220659353
108,78.87967829783497
99,84.96530738940724
159,161.52461714480165
110,-169.18843927379905
114,49.6141080549324
72,127.15121216020692
131,168.8434088732978
75,112.28177290699381
158,139.52234987717026
244,76.5341307613367
113,-143.1500838291626
81,138.85168552267436
103,84.62855154779724
107,80.80532653552983
156,146.45558244166494
146,174.12974753831995
53,6.57664608540781
103,91.03190310904965
50,89.24166718329617
75,120.97356257563446
76,101.88682296380638
81,40.02123090148992
101,164.23000216456876
85,-176.28566230732446
88,162.97306265439218
146,147.55532968169243
41,96.05262256611043
87,130.312774970894
119,139.75098635988377
113,107.86068768664865
123,161.92617085831026
75,139.26681066464943
104,140.32417724400307
111,142.2854767138822
133,128.2136651864009
167,-111.0362669334389
72,-173.13870744277304
89,128.48096461218375
106,76.50840296580408
136,137.35808274995418
87,150.97264014918713
79,125.21835718161736
145,165.97925352585742
96,120.68606295908215
153,164.7791038537099
197,67.82497675691755
89,92.28958332999625
125,146.64148659308208
150,135.8000546621109
82,161.57820988841496
60,95.94245986446136
130,141.81743865969668
35,43.222415346852664
81,143.9430705760157
127,-121.82202740082919
159,-131.09745650606897
107,-91.49695369572642
108,82.48369864067125
94,175.43494061841807
116,80.42983915328509
142,136.540000736965
81,-110.06900529228835
136,167.60289346046392
108,117.76955105055049
84,164.9722170783144
89,-161.60646951347405
110,129.10731693776003
87,117.79280733894136
90,126.24084752454515
142,112.31878730903979
103,121.56672316924333
69,-157.5519389662536
149,167.12286439648284
110,141.163934738053
108,-133.5894364692027
157,140.66958322902673
98,103.86031504937147
142,150.41788642304803
124,128.72258283366557
70,-171.945675711183
147,159.38295205792522
100,166.03959157870295
131,170.22079670062988
89,90.26121329475865
74,29.43965952896319
157,154.02995853544732
60,9.950501945761285
84,168.94966388329385
101,164.25503271808876
154,152.20813812731566
94,118.85969824282459
98,81.01392906345382
98,175.91678017702628
135,178.3010485138875
139,167.3529293189373
98,125.09699451228424
94,119.25487429210415
92,161.50787086258734
54,-28.217892690628553
92,162.33907524525645
126,-172.293679655068
74,139.5703352735998
91,108.16755057262587
155,141.43680336442782
85,110.71038636161168
119,103.36610935785168
103,123.08533913117192
103,83.74537133381948
86,68.26339841545143
94,176.65999292289305
139,167.47661165256585
148,144.97306299096888
151,126.84441815812404
83,-45.1953478899324
151,156.57729683681538
87,-121.64197151116986
99,78.37462127878945
119,-156.79749834002513
74,173.9690103621496
86,-40.02672312839346
144,158.93817777096777
139,159.19403204382905
161,157.67066842728022
119,-154.90399600520777
67,45.75348630646059
106,84.49698098828527
89,135.85344704986397
77,125.68742232465928
111,127.77559814248085
99,102.81578042073986
67,-99.19181114167554
125,145.67233928792118
37,-159.4437322939376
149,176.96164872539444
124,144.76088818647003
93,92.52755847055407
88,177.66887828613253
47,-39.520476331845714
142,133.8591302778296
111,-149.34339060793178
103,109.1588276496932
107,160.46728994141904
150,161.28499406182394
99,109.21220423534093
98,63.97008091713446
174,117.63671379104335
133,-160.7718934617766
135,-170.274720941318
19,-170.535086876985
84,81.811951376752
99,123.44279245839282
60,138.29492485881096
141,-0.41459253142556335
141,151.67331411181473
113,119.64001257226839
61,132.72442074425064
74,19.742926979330964
151,171.59081734309413
130,169.50410497179743
106,145.71803407936355
114,80.22653966740123
71,111.52001705454325
135,157.0368526611605
141,166.8064779686159
85,130.24346312889546
36,39.52179183566456
100,85.15079270004479
140,155.13011742342405
156,161.37352440586506
143,175.54293943982108
143,154.12555541880167
114,159.33030409029058
83,89.80731916773694
144,147.20799405735167
144,-20.986486548876325
122,76.93111266393448
119,79.88541607453107
43,115.13556392537434
84,116.06982572203935
143,139.79933264876558
129,-114.7945879002483
114,119.56220147260764
82,109.03518246204342
138,128.73287214529716
64,-81.39449871606226
102,127.71667226299067
149,158.01653940818252
119,144.03667269843496
108,80.95702664540762
90,105.20537062815487
127,122.16807176860435
88,92.71467395047759
123,-68.8108938436579
70,138.5282282185542
114,-165.9290940201114
86,148.14924132703018
79,86.98946375981855
177,66.36452792044032
90,157.0744339102984
92,97.47670621427444
87,111.54036513971064
119,21.890876794133444
71,-63.198151038474386
90,106.84079062440485
164,26.58782807807593
40,-130.5680339850368
71,95.81006061192815
139,150.39633506925412
88,119.16160891828254
149,152.52683759662978
109,165.95533635335042
135,151.86391918599884
140,153.55434677323473
99,110.73051488623862
119,162.41682910451826
165,141.0581193164636
116,-165.39897807235212
143,-177.54242856026872
118,-162.3755989550895
145,172.8591571933803
78,105.94348877802213
93,141.25636227920097
77,94.8351453354742
147,145.99067088855924
119,178.61563084333076
133,146.96572773118376
87,128.7687876931981
99,1.8596160398054458
83,113.8650809271004
109,-77.75428222612403
158,167.76307615271116
144,172.92048763153304
64,9.222980788736946
97,78.28283604298048
44,111.97687842258894
104,124.798915070554
95,90.12553105031071
138,178.0357629840912
132,127.05422726217436
140,-173.6954855935429
127,150.7391391548657
67,-129.44731469764122
136,152.51976486119977
107,119.83744592814502
49,8.664301613648554
70,-8.500820880317068
110,-156.32138197493174
128,173.8516113157143
108,-145.23575090038764
87,170.90497462625456
112,76.66371904140293
122,142.62903367520474
123,143.3119382453569
120,175.75346173106502
84,178.42961556453443
139,-88.29974015336478
135,128.8206202114985
120,152.03806008314655
148,-175.7946879139549
154,173.944631197921
67,134.34698181570633
29,59.35067513820365
125,143.99412952477658
128,-160.4946890841671
120,-167.2107867795139
85,178.0074983625887
139,163.7538637544511
12,-79.34995541440088
157,160.11305388707328
142,-171.54563411300649
76,103.35572392264706
98,82.20448594492804
107,-145.08614112018245
112,82.78303664097587
131,160.1314444214678
87,-56.30687980989416
97,148.2301966897108
102,98.95635487839868
109,-144.794696190827
142,169.8418918592728
122,144.9627587787684
154,144.15565497075607
155,147.41706487649063
84,113.05474603140547
113,169.4440162543957
92,80.8286725182103
87,160.0316429717554
163,163.06381750330948
69,136.4793864782722
107,-145.91323453301314
115,102.95327751216801
97,145.62223073898258
151,178.38137190840342
164,141.28941162874722
130,-176.9564293176626
127,149.60255862480142
144,147.5119553326628
136,130.88408226631853
129,159.6999391546724
145,129.8927297257155
143,176.3745547776152
82,155.02181489190687
115,130.1578724461664
97,135.8251263643634
98,81.98251079087008
96,90.57253990610475
63,87.55021246835982
87,117.20594086555407
95,86.43093503479942
115,86.75878241818563
107,169.7667216431518
95,110.96671117874887
110,141.6761207314535
53,-159.02390685182775
142,136.551871581359
150,154.6248383219921
83,123.6690416804481
111,-169.14014873590583
101,83.55760294042014
77,161.94636056953368
125,152.6846671968513
101,143.79811846539167
78,122.7800849937322
139,178.26389550502756
114,-159.87815717408594
88,150.87213391575304
99,96.06455338027276
140,165.4172595883002
151,155.18334039415825
117,-167.55586734927667
133,148.05112883273966
141,143.57920937480074
96,176.761320802535
111,140.98309638203693
165,151.9351482396184
87,58.92231255439017
146,167.56348238520894
130,152.1282272087502
46,-120.02308845188175
131,151.59913830954528
