139,160.84362990305289
84,110.58314236956419
98,143.9325438315507
224,-171.72785966528375
128,131.83296682842172
142,145.21304657788517
110,137.5038096977568
109,128.46199234566546
152,-64.75468981916855
134,163.1230661910433
117,145.538729391943
164,-139.69676625301304
145,104.91096203997569
90,16.244945508882214
98,71.01545784125868
140,107.95813769956632
144,139.33906884355247
115,148.0151325305987
127,121.56093037777022
121,109.0447729579961
127,107.57714943557517
92,-82.21056630958473
101,159.99927729492268
87,109.32744195948528
88,107.74429819790176
135,94.9426710883138
108,153.45920256418276
143,138.32218237984452
141,140.06651970936434
77,149.95843259544074
105,155.4835678877379
100,175.96141371168116
54,-124.12996377340217
145,93.10847973671636
138,138.48739331087523
125,114.143887068321
48,139.09167100678263
89,176.8758110017465
124,132.2588884782505
161,-136.7117795251482
101,118.63398885965074
128,153.51208318775437
99,-140.23216611530677
105,136.76087462631253
125,100.42299005805191
130,149.92686073173957
88,148.03986813932545
122,147.57724780900998
87,-118.57602390819358
138,119.30281645411827
108,151.07991058289403
87,161.81522074194916
118,160.67356852485457
142,126.52002624651479
57,-155.27281554828224
125,160.25467101011057
43,-116.82281064920959
136,123.7137526845393
90,114.54354775334569
80,105.27722746879432
139,149.778801427947
139,95.77582281375975
93,122.41659078832957
72,-139.42056180557572
69,-92.3536421087747
137,95.86033071390918
78,125.03090476563958
143,113.77448283816479
114,-151.84009124482358
96,160.71878175467089
212,56.146334485915204
66,-167.65858527384506
108,86.68737485445196
85,0.7774015263118774
105,170.8962380008003
137,155.86093616000676
108,176.68909694523484
66,-92.1615884813708
139,123.32640401185301
112,145.3122608433561
123,154.64799600349124
108,151.57853548582162
117,105.19265912771377
128,154.12864120766898
121,165.14264188056796
143,165.0312027525752
139,134.49410355789485
110,143.5852663919874
121,-176.6056636116937
70,122.72376931480791
130,148.2918430138715
43,137.06434825290506
142,94.617800411511
120,158.2151918941944
132,164.7491104880579
141,136.94165469480774
141,165.78519759727442
154,80.24810575580919
105,152.20373733473465
129,146.5663574913225
40,136.6886548172584
95,142.844509584808
55,164.8812460385376
115,-176.02667765513334
101,142.15520121530926
162,158.73347937240194
107,-168.9331661098498
106,109.83359606971982
95,174.8987219679946
139,143.53191499784046
117,135.17003923592463
155,-45.53627429245591
20,-171.33417080173626
113,-108.47658359224708
142,176.02588916543354
152,131.07579037062968
107,140.5264582540525
120,152.59433202906635
67,164.14330448950332
138,109.35444435704451
95,169.98850197196063
95,75.42907321816672
106,127.59710387408425
116,158.63647162647504
64,-98.13460148109226
83,-119.10645393618647
81,133.95485134427474
131,154.67277075205624
255,-152.51165409469186
133,139.04905255987504
38,145.90489338279383
59,153.71869627575396
127,163.7268578476044
91,159.24330385392798
124,147.7977339046421
131,-48.83717073013197
133,161.57819521959144
105,158.15724539552093
103,115.26360317794887
132,115.32871775381629
111,174.55391276524944
64,64.41368575677868
114,141.04105043355295
123,22.5984226879951
142,138.84029551901318
85,109.5430019212569
32,174.68500672671234
143,140.92101485895827
104,172.00464176138038
111,157.62824523178116
102,-147.94668085305773
105,171.8127270223671
110,156.91304619818024
118,53.85456322257453
116,163.44589190095968
130,171.30052112595124
80,133.43826542500867
138,152.979498788141
97,143.58151350025818
120,137.79390302953803
67,139.61634730060217
155,155.29802553228785
88,138.43802552040287
100,99.54952073721718
129,131.0509803657488
123,150.75287522598018
109,124.35211918805479
136,163.76456415808082
120,131.7707059439955
132,120.36117129711776
10,64.5799201876095
83,106.10568199732006
93,137.48440396146108
113,136.01494895483864
150,-86.09248150471753
86,136.14618747226493
111,176.1800630814711
70,50.31239585924431
96,71.0330677727641
115,139.9500015125838
146,157.0041218304237
100,149.76485553809036
95,110.59460731291648
61,150.39638627349458
110,-52.982679314536156
54,144.33034924993768
32,-165.69863056601912
102,155.46580091387668
119,153.40358350001355
108,156.24535374633876
93,173.5341790216632
100,137.3075289111488
107,155.69929613073933
103,-85.29763755376312
102,148.16696107309494
133,175.24248363774728
76,24.51662327712537
127,167.3666304891455
106,156.33086977104338
110,157.56558448123818
155,151.34798610098295
117,141.73980702779642
75,115.95097439417066
139,140.82202709459685
113,119.91370732919127
134,142.5438149408167
213,-97.92678136056617
78,100.91081760004067
232,-116.71685989846989
103,131.48469535873153
107,159.59257381987715
68,158.8623618962245
123,105.19370907429807
130,121.85888627379825
114,146.20149289904478
110,111.01405661024772
166,90.66262029240795
17,-93.03143493131715
92,156.25503335978246
98,142.14521830986527
125,161.50889388237337
135,9.966568344108929
87,166.52504634860034
99,151.82431367136027
145,159.87226752252988
99,156.90454354790765
30,161.0894036350787
131,-50.07214403929598
139,149.7086401110939
128,130.93213393508722
96,140.8880458117386
71,157.5888057860471
138,158.2714656567802
86,-79.36389228592542
104,142.9898869228966
88,124.71578117489591
132,175.34457583436952
134,-156.7603851585716
78,155.68653043027638
146,159.106158143535
92,-83.86990529937894
154,149.40519844830538
106,173.4940856231622
123,117.76288096255234
117,155.0821411940848
131,111.11645998194383
96,153.1503340782958
81,147.31577866220027
269,-93.09661822374095
220,94.67083762420323
78,-79.27716682225525
97,158.13384009859772
139,156.15949728471912
127,98.83672547707178
165,-143.99625531102046
141,169.2871649400119
49,-167.52550274401787
137,36.06119278130452
156,-28.54991245690699
107,161.02744348727126
50,154.00438414263843
127,151.24817123855112
109,150.8352980410278
128,101.03356830988503
107,-159.95185805380217
96,152.9486013207956
133,146.09406880259087
86,138.5549526549546
131,168.15518744898216
119,79.1072679476368
109,177.4238545311874
115,152.0713441878013
73,145.85810621218755
155,156.17569828485483
80,-162.84884656579274
107,-57.241244555549116
7,-179.3324031745047
153,-155.89989748530212
111,124.57205320653335
78,-99.28530734175928
142,161.55939686266535
91,110.5062139376811
164,36.472484893182674
133,166.07625807400075
126,129.59867359982184
111,135.71947978142737
112,143.41823772460694
127,170.8079027659083
103,135.91559988018824
99,163.1341578332673
99,162.9502284640537
101,143.32835468502338
129,144.06839798681733
116,125.08377260375983
102,119.73438051667516
129,171.68920817147665
32,120.42965459863997
141,158.02450060074747
141,144.57767190893895
113,145.96100222438403
132,150.66307809601122
106,171.62883994614432
133,113.4514345558834
113,123.5002558421678
100,41.53483735971133
118,102.75330628018155
130,159.25090519212884
112,163.85902128285483
110,151.12986675860458
91,132.55335442420414
104,132.56358424933327
69,57.60792340606505
99,176.19141382913244
131,166.67833176604637
149,115.19424142915068
102,132.5179936371658
134,137.73005167982387
62,14.542473206602157
86,113.16555782871457
75,108.6076362105148
19,-168.05013264936338
111,158.07354538900432
115,100.64045108050115
97,146.1546839908184
98,175.38091530768517
109,149.78168997432158
108,-177.21622214754888
113,140.57672164088513
29,-165.2833559540641
153,152.56617449942524
121,103.66978220599815
66,144.34112131283413
136,142.5083130564076
101,-168.4700665592868
21,-93.89381783305649
111,173.8085118810264
93,157.89287985456446
114,118.81785855186217
96,-170.0264463652051
121,137.9193331133675
71,96.9962685859387
130,94.47362239410913
98,152.10928583469405
86,126.00181827036143
125,150.435039951625
95,142.21370988215224
133,115.16204882727102
104,136.49601753003387
128,169.35711693632138
126,-174.69915337862884
155,155.32874352232065
105,-166.06772554618405
102,-151.48244387639843
60,155.18182929847137
54,157.6607837337297
7,-12.539026116578917
118,104.96402074562978
104,-167.20874618292547
70,131.3956445142334
99,145.26696096109595
111,105.49068992731485
72,-155.70092370542676
127,164.31094047102195
94,130.02868882515656
42,-120.68439710740391
96,172.55291439968744
123,-146.22302804474
91,132.20258251524285
83,156.292521742382
68,156.68493859513958
122,126.34128836662298
117,-150.987046983954
104,150.04744883265133
86,154.76766382013574
104,-167.25873529330232
60,-145.98570870140108
96,143.09651568436175
124,152.65721356813222
121,110.87753507981066
137,139.01401419098733
246,-178.494327354416
120,150.8442841046487
136,69.14473579103122
132,9.281923776989197
85,142.70472237825547
60,84.46128300305192
95,144.61882376801208
109,158.50922728048423
127,-0.48246096651521886
119,135.52694555219693
172,-126.28834895302371
102,128.40649239919279
71,-74.04792122737342
51,156.95130758880993
42,-25.926025748452073
108,132.21994916317365
126,157.41962052202172
98,99.88932532483376
52,-64.65911073484546
63,153.46941068471088
133,110.78893086122726
97,106.21821958294001
121,129.53300563759134
175,88.12504501290239
132,168.5349811934126
153,130.54705981647442
112,123.52562805554123
125,156.64341573273484
150,156.31174941496604
111,-174.4684267117194
114,130.2057096800083
10,13.484447973793154
122,147.1119847701408
105,82.99500260840496
144,112.47711860652032
114,120.71703760408457
45,84.68746827633336
65,-155.83247819242902
36,-53.995325172963945
142,92.11980537566639
141,121.18855400929371
122,111.55197162482285
97,135.29351310913177
43,134.27802782623874
118,146.04042253754076
143,118.83632660089177
93,153.92664667166045
96,-147.4691420377284
112,129.62800515759398
130,150.45968028472942
165,131.80851407549287
64,176.93749386555018
64,86.71544095838101
99,143.52078739561466
73,101.6862569323338
96,139.0967401665896
130,151.0630642733937
140,95.24025998950144
106,173.07443550296804
124,162.8413420549299
120,106.63570725381632
140,102.96639622330294
138,139.6724578500538
78,160.43264365659064
140,94.6487739750873
89,-59.190184089049026
83,-76.52406482614263
105,85.11787977810705
134,112.76758993086511
156,155.32927666204307
74,149.424513574244
149,128.18208536662365
133,-37.11879494832372
136,131.8039144788275
129,151.7438415956776
150,12.447721229441218
108,179.75520543314528
118,160.11681010206834
108,119.2117676830536
104,-165.3280452430642
138,103.953228065457
92,131.3325395019383
139,131.29681570799607
57,79.04399286968474
126,129.20100473091034
69,112.47123377271049
119,135.42186705857878
87,1.5752554511311676
20,-85.12146488894683
130,116.56859590253057
81,118.04387902253639
141,131.94968473724973
87,-10.616599165521063
129,170.87453830652592
155,152.89057690691777
57,115.5074659512156
139,155.40814296032778
106,-171.29357127047282
71,-146.01160798999035
111,148.5866012582195
121,112.41909239526733
77,19.725834497430313
85,143.18327675740142
123,98.37392939673396
82,103.3494265039384
64,-170.20057401846668
19,125.31406286169488
133,145.1792755750194
110,153.25980565977648
75,-58.185985227192624
82,113.56901720847068
151,160.5514084803201
118,105.08478415727178
63,162.5166530017013
149,143.50018938034955
122,178.23014558960736
73,99.25071076960721
82,112.6108089295518
138,146.6962068162232
126,108.95400329580818
103,-165.49857953539674
89,152.96356382782866
140,133.41296381413568
133,161.38279907782393
130,107.14808905648778
67,99.08238719640298
93,126.3753327898847
110,161.29324820068237
131,166.09933811042504
109,141.9727328762712
111,154.48057016880946
133,150.29121440332392
145,154.6631207715316
156,-167.52549257516554
86,125.60546688450364
126,107.97922978094384
86,145.50431915466967
142,132.47008512232415
98,175.9996509771057
187,47.39840778543302
147,177.38183270666906
119,166.320451391301
104,132.08598254940327
53,162.35290076139788
105,117.95387200468512
126,167.05475343649533
86,158.08728767093947
107,157.30771899903925
144,-59.20002695752681
103,144.8544772947387
144,128.63777278221386
106,135.24654959397353
133,154.26373898369962
132,132.77692812105894
103,128.98021512653136
56,160.10940020359388
98,137.62325790760676
121,161.1146503758728
128,150.94569406629594
71,-154.92111923295008
130,151.22251976127242
124,130.49084292681889
120,-139.5620673674181
152,140.5469837094197
64,64.36896054480508
146,152.2211012386904
57,-152.83876703679613
59,157.9323761136149
128,-105.2246958544054
127,106.28832780574544
25,143.52419857081117
159,151.7090102627866
59,-178.82002518379232
26,149.11828385063865
108,174.4009319036154
119,138.9930751887795
19,103.54576430687061
121,149.58669857415978
115,-83.31251574597042
143,149.38627756292334
52,166.1500795154056
127,13.829396136406261
345,101.87192980176818
122,-175.41017196555327
130,151.83115250916433
90,153.69504515017795
90,106.69720811916271
133,169.05158905260456
144,157.46640358266455
60,-176.86246478071726
151,160.94358884534674
54,-57.79909555276631
90,55.35208275898477
109,104.13998725280702
110,129.57579253792554
118,144.99545879039368
67,-102.22728460950557
72,124.58841559911717
157,151.11972354817632
107,104.49753778721636
111,140.09381694354946
125,123.76203785570732
154,142.54960877650694
135,155.2541503654469
61,156.39201304109307
78,117.78702037052982
108,87.39262920251446
137,165.48704474695182
106,133.09036973546134
123,134.000051110416
78,114.12065604748894
109,145.78432734223287
69,130.61762994663763
67,153.81053994921922
91,126.61162734714281
84,113.36334156600533
126,110.3154371437959
112,105.4319885230747
81,144.99893778018065
146,149.9244578976676
143,149.78617957419743
94,173.7899563307786
122,148.18527361334176
99,109.93495994356472
97,141.58990576148597
90,56.82179766685017
104,121.96175360632968
127,155.45204223846457
101,142.0918252575373
151,161.98089201087438
125,113.84115897214313
94,161.81900273112026
55,-177.03198469952284
125,96.02585593680968
89,-112.96195245206286
91,117.12552086564271
151,141.21008950745517
96,119.60683430383558
95,121.74158244329473
96,137.7282858870948
116,-174.96264718522062
76,117.5325600575627
123,126.42781762584578
100,123.19039027359554
117,124.9581324948225
117,153.14695123285512
132,154.9102442710515
135,117.84808282485848
136,155.88827049028404
120,174.2842431828696
86,144.964989178265
118,143.86968400711353
96,129.6732404722419
130,159.88824179507975
110,-54.07848929621322
128,148.84175835368185
123,121.43796883646883
108,-165.98304325626833
78,-7.9944373177149
118,153.69494936881685
107,164.34315737154043
152,61.719370095924226
96,146.02132084435343
135,103.49184096300291
128,131.41019464961846
108,133.3909951336247
117,73.0524927979836
112,175.54301211341377
109,136.21529034062357
154,162.78095845967118
95,176.64130795462398
119,144.00403731898209
137,140.647561830622
111,135.5924894266007
114,153.24763717160775
73,114.76164319741149
95,107.36461146104426
204,1.1832550303919012
218,111.56748576435783
98,144.7360745041097
140,111.11834250128976
98,111.9345973381948
119,123.82973506072602
133,167.80398286898367
151,160.97008787590752
131,155.9835054726981
118,-6.902543507891937
118,78.9849832855855
77,79.74544132183904
117,162.96772163452218
148,170.8233633037516
112,153.4346820811964
31,-26.711883047199525
121,135.42461561192556
54,164.00514356219293
113,147.58191867006784
140,147.71191967963625
130,102.23389706289343
122,114.64518882976377
97,147.1775494789548
118,153.30659026928072
29,-8.565453962726481
115,160.65432596885705
138,123.64594270736104
108,134.4155149130949
120,140.38608070384683
9,167.88937117068951
78,127.82610567799011
86,106.43357796431772
113,123.94739296509458
65,127.88686164690094
102,163.1127297651264
99,151.97998761559126
135,166.1280870884465
126,117.57471278113204
140,160.94611604529103
104,155.23409730092703
136,103.81131572816179
140,133.44671158623007
141,103.79881955676605
59,144.32425378631302
92,146.4272128425143
154,154.80227818323164
128,160.95941422582848
123,126.87189916805568
116,-134.9510103689489
74,117.09282242727008
79,115.9647027865437
109,151.86567811644434
68,151.1074067583335
151,166.29053590449456
102,-143.6794467838037
120,114.81730972150874
76,-6.652274573613149
125,128.34943346243008
136,108.21847643997367
45,-113.5882308874605
134,164.04867316183385
101,132.92183369611374
127,170.2344795345695
113,159.6706110542802
42,-84.4352950447542
19,-171.88277693453162
35,-116.32832637194927
108,150.63039479130035
127,129.61892381361264
107,161.658859996234
99,-13.156532872183448
141,93.81101113616792
37,-25.72805250941007
121,137.48311463883846
129,121.31347486900833
115,169.7510065896197
98,134.6861756660178
90,115.90754298353862
103,135.945015550645
149,-58.537133025799115
87,109.479944072185
60,-28.629077385770294
73,101.63699820230089
123,117.75132728059799
95,114.91049004681287
139,142.48890764226095
11,-149.7826009967377
126,95.05476788961988
11,-151.02051311215516
136,109.4733927998631
97,104.88663672778038
120,137.98709803214848
113,-82.43804948563043
125,95.76205058394851
64,-102.32936718814801
109,118.53289074728336
61,96.9401259576034
127,115.00988542026015
134,163.00261140293486
89,122.91011854400631
140,94.45788441874801
55,72.80418298278737
123,139.86371375694227
127,155.24001765885822
92,13.971666993392686
152,136.6208963038243
136,97.32514753277013
134,164.94688960749167
93,56.61094745759325
108,138.77746540319154
140,162.31711164115538
106,154.34387220619018
90,132.20457766464608
140,142.48157746537782
126,123.2982277967888
112,129.66886471819186
104,-169.34764373472663
104,-171.63137113829598
110,127.1237233505909
108,143.2769626147859
86,142.4760051548742
92,175.4150630332625
135,120.45814194903488
102,129.31093648042153
128,144.1847843774477
128,121.82560705321931
96,139.058065244834
203,68.15601318544573
102,143.84640754638232
65,139.51587767268197
123,140.1509313018709
85,112.43991602811148
98,142.85633466460888
120,166.2715703082257
131,173.21566031086178
94,141.6858791045765
54,-176.22757558027962
122,93.78232398820523
144,157.081058015421
128,123.32359477747646
99,137.45971998135923
9,45.94828738921101
75,103.72322262922066
118,138.6992559871502
112,136.510598334757
118,125.93024221310071
133,164.57084430809874
129,92.69989520131622
66,95.84293934363102
96,68.55345083533653
117,103.83936568505747
119,122.36893196472676
127,155.59582714629732
118,144.00100912049967
126,160.3729533474133
246,-122.23273662869761
78,100.3946534397031
117,116.02773124058626
123,147.72807910308424
29,162.38165684012853
139,-51.34979616147889
140,112.42075290603249
109,119.82547866884131
96,-106.13307276359428
111,125.62050579069013
88,156.04532270164634
55,164.23739802551864
91,-164.05701188438368
82,19.37885762770089
136,97.47852217321096
157,159.30100506315452
142,137.78502103721794
125,144.40483797059935
116,164.27139404855535
125,101.74432582712484
97,141.25001661869848
62,116.77465688947629
113,178.79356188486915
95,119.64482010719284
158,-170.48456998451428
124,126.52871237559383
112,-110.1954393606541
126,112.58743927446058
49,148.3021713339812
110,147.04560019268897
115,152.22788734998016
127,140.01644615821303
87,106.10197231893426
110,150.83869215690504
106,123.57658301509284
129,-132.06564154341152
141,142.73567009167388
115,114.51343258022195
111,136.01260732353165
75,166.11647101159056
26,68.1486875754893
105,172.0329692814593
107,134.68586210304753
119,127.72078188566336
82,150.48018823414264
81,127.81513462177965
97,122.39598415336617
129,173.49875451365403
138,94.45872172024572
120,162.82676552940606
110,135.67122997016267
128,153.1141774043378
99,133.24975569719678
126,113.60137231280254
26,123.36773614838357
105,88.12644331226528
138,156.18640411461917
156,155.13661259025474
116,163.01130364670067
112,127.64294516328867
111,159.80538518890629
111,103.81156927616439
79,124.31839433242706
119,142.09174067625892
130,160.53229905773816
86,116.05826406751886
85,105.26010201552026
120,104.21078724667709
96,113.89436746013556
45,-144.8201506856751
44,176.08294786281252
146,101.5346508467868
108,154.35768137421127
93,17.492515769609454
144,30.37754997144908
136,129.14025519561048
41,-171.0811444024962
148,141.93422615810272
118,132.78978370132478
35,88.07020825395175
89,161.8363383919294
150,163.22817649932662
81,113.73003879151528
144,132.16667281989345
155,155.44651684817367
111,147.01967304627559
119,148.42925999891628
130,98.61739093831775
67,-152.8104014325361
31,-166.46858865970103
123,109.31010472949154
58,110.72041322735086
102,-172.76646782761898
100,172.2492672876368
153,144.0803737313697
133,152.13739447644224
101,-173.2928421727033
146,163.7986991414978
82,-141.35369490825096
104,135.03991539214454
92,161.5244426551982
85,104.09280130384263
156,135.43671424635392
107,118.23131113121003
82,113.36999357394595
131,159.8335417315523
120,104.47719755851793
144,101.47808583764746
135,109.95459350188521
119,103.16598820546503
142,150.6410280360148
99,103.5661505877478
89,108.54072920189482
105,146.87466444098465
73,160.0887154225361
97,171.56942678189594
40,133.9362382691628
156,110.56629707200761
106,86.55840173265233
100,-78.96018881820292
59,159.8196395115103
139,95.60581235627791
114,153.24085277858742
93,-90.7021301757499
64,38.07432178878775
108,117.4850017162728
96,145.9016892487598
85,-160.4884828945614
98,117.34889370335449
115,-175.5792466257888
139,-161.81574600250224
110,-84.26655453737004
111,121.5668642003644
71,158.94738050809823
149,130.28689568857956
70,-155.48964211747253
140,-80.90694498384048
120,138.4856501535816
133,113.50259300180083
108,145.4171957323801
143,165.08252727911153
197,-83.0646863199998
86,142.2194866147341
73,-74.79138079962067
108,-121.72891608456831
130,127.04750736369182
125,137.05697621417278
121,128.60722835380503
147,142.59524562379943
93,146.62460560162333
142,-15.70456683611036
140,157.63930658466313
53,94.13611820662196
112,139.8332054139994
41,76.15760513153374
140,151.55739887395296
117,127.43988993752336
149,164.16104617207478
90,158.6843372131723
119,166.61122825473154
93,154.62103456287113
46,148.98881430968615
160,-117.01238037318609
9,165.814599080758
140,164.67381550242254
64,-146.9880902961733
130,139.63603128628068
118,157.42201002297816
113,125.15986049276833
89,146.96725693860262
129,109.66254357053897
133,151.5532913179297
52,-57.461620698073645
47,136.8906732566304
44,-122.47888397042112
118,144.22642938715646
126,149.23195106573112
134,150.82406886843043
119,103.4104473098019
89,-63.99722744844233
137,-170.593137980339
150,-57.61863210537761
156,142.04218967098873
108,118.43913603908987
152,130.1668371430831
86,147.7325270643973
133,141.63889102855487
127,152.74894504189035
143,102.24445728218771
113,150.13620372899618
93,131.56174773275737
16,46.914394746728405
149,135.6783237781499
96,-165.63161339252878
137,138.79661045140483
214,110.87241562398614
116,102.47746365594989
113,175.30537687289308
157,134.06207295425196
114,153.94208984818482
144,147.9645657208326
124,147.81736539808583
121,131.13748009032795
105,147.742562987281
108,117.01023601600879
146,-20.401299759480388
125,111.66183841206069
110,80.79102011344426
135,151.80668672582325
71,114.5839645297129
137,96.90199852025705
116,104.50235403608878
58,75.90234271634698
125,143.67187043320828
81,135.7369060758054
123,106.05304098446942
147,161.71339050533572
133,105.49915097374195
150,63.0116654062636
93,160.97034586754503
57,161.39938031024144
91,120.25348562237558
131,109.61492151960404
71,123.75744083140022
97,103.11481496838515
131,155.55074488056584
119,158.96522459460184
79,-85.41188480719437
95,141.48540690156378
58,164.23087003177798
136,94.14887605824909
107,147.36853874982128
91,127.39916810326454
51,-57.60450216502511
98,134.56699541725536
129,159.5299384223818
19,-88.87674610552338
89,-67.57941336319398
90,109.96134253024825
96,145.95895510094425
142,139.25129468204636
134,100.93290613826001
120,138.81377173264013
111,129.81467830624734
91,138.74598827877713
123,157.4737180715666
99,142.4793513261918
29,126.71452576889865
102,176.41891333833976
108,152.6430370968231
53,165.31875913632504
17,122.23695258724523
84,126.5734426875601
133,128.6858272016394
95,157.68332527079815
65,152.2701978038196
154,148.80244402886152
110,128.81342242879018
210,-151.85224378366195
151,92.74918077717516
133,150.3357775224386
137,153.52626798283902
64,150.68953880448936
83,89.62966628451098
28,154.4777781741397
121,154.70943999756446
107,157.44995777452255
127,137.04018032146897
134,150.05732496232017
127,138.95870967748453
17,-89.29932065339933
63,116.56879597266948
129,172.96114508776753
113,121.29501483244644
102,-161.67867292494614
134,114.29197770914507
128,165.65301254453453
74,132.89777707776454
90,156.85280435789167
107,-170.1044893520892
154,156.7308631923255
95,137.0154178107133
126,141.6315197583908
132,-175.83604525893435
67,104.97880140531365
87,122.3931392683215
93,116.81899295203105
90,-59.896853984410555
58,159.92666785689096
110,174.83736613982836
124,115.504205512879
102,147.15022150720552
68,152.6522507678538
80,-141.49763219050595
102,134.18211275114078
104,86.58001218976176
56,161.57263861353675
55,110.81714274433244
121,156.3255798909636
110,-109.36260410491644
152,153.258247638407
168,-149.24725811352576
96,146.9860035693328
152,139.24473672539676
144,134.9520860176025
95,118.24997931123933
110,116.09579992720838
98,175.83505209622274
121,130.18050562904608
103,145.8149291694606
114,149.12685296947
78,104.99675576438223
117,103.18684432189873
102,136.85591345592047
129,166.99193310420185
142,161.49297795997126
146,178.19813822708835
142,139.36923951245157
132,173.29422419871506
22,163.39412640493398
8,5.498924823136171
61,151.7263011352222
108,175.11283160459405
127,104.50273282221825
107,159.12812056686946
101,136.50387527020965
134,171.85664027514648
110,131.2276784366066
115,100.69586727000782
149,158.18983288352615
105,116.7620920938094
117,135.5902382843451
51,144.3821526833165
98,-23.796266372287384
138,-171.5395605984211
36,-43.91954780170522
74,146.6915522987904
47,137.61098298790088
107,120.92736536492575
140,103.04754863421195
77,113.8714992103222
133,161.19606590808272
117,124.86079752182185
138,133.62025022102063
109,108.8567948350638
140,-47.186004142480414
156,150.5178835572142
122,97.68673923316724
144,101.27636570843512
151,130.33270438502765
58,158.51292046405595
118,141.03637724719175
105,-166.9147935679318
128,169.9780009974049
125,110.23428910564813
105,124.36712503843509
129,121.73296545517245
83,128.34551595211212
122,174.29918770882838
122,160.371942783223
75,116.34802863527757
106,155.99233804655657
172,119.07870032431384
54,-177.16194009911703
149,-54.951467275385156
113,135.06147400308598
79,117.97401153241819
86,136.10049826790626
124,164.20807727713117
122,136.25646892290985
151,62.173393930328636
89,158.70669705985148
149,92.40312789082593
128,106.92566749712701
102,119.50521160354151
34,24.91899328270948
73,136.43623960937327
134,153.711273780218
113,129.06221033673228
107,132.19203359798476
77,113.96143691132859
108,161.46275900601438
141,145.10138735674727
89,106.454508097227
102,123.82409907884706
91,110.0175295084599
107,133.58252129022037
52,153.05909079218276
140,121.36280369121799
102,133.31492872571317
69,54.20872100793253
130,104.43742384849911
72,114.96336236668027
8,-177.27729668433793
124,136.1104368388385
155,141.26060534509824
131,21.17336413038206
106,-165.48658166156434
90,109.90075326396588
101,-79.81392663180075
109,162.94603815575684
58,42.79507356652678
25,124.922383109286
136,143.13423956153588
93,147.9677460082067
31,116.79475560144824
121,8.422691412549716
48,128.99192969239766
73,-155.1933028129915
109,-175.1282202633887
127,104.49284541605829
145,103.15850439044702
145,103.38756851832969
151,163.16243914199273
94,147.8990710055133
73,-45.85005254833178
124,135.81489287977877
135,121.79369852854866
127,100.37772796639948
81,100.16200647086697
66,134.18312484914347
64,154.12843520540875
100,160.2177512161837
105,138.42802616658034
99,146.76283515286835
66,128.3971287244629
133,106.75606193890515
102,-100.19925980934276
128,-128.43799021718615
147,161.23278587952882
93,148.07147168602373
96,178.1373866675171
61,139.35024101205047
97,-80.63709380970336
97,126.56064008293296
91,124.99709531885316
151,160.98685604453382
95,157.808722338882
83,-159.85310443899706
87,-160.750604777874
104,86.62584965009657
151,158.8034128980761
102,-178.84367528062475
106,141.5930647529031
110,153.1680888536771
145,139.7628976448261
141,164.1738649557016
146,92.97940374001466
129,-108.96531482297515
86,152.56261553011828
97,161.03442708969115
147,59.8389845745376
152,-55.785433505313236
66,-102.76142783027308
115,101.29544322024928
122,140.04388501580274
139,157.80891228325083
155,155.0232589616118
94,156.40243307757865
104,131.54775986072798
98,145.53951543741886
135,141.31742053440297
60,98.03654616622589
115,160.85817267881072
142,113.26939829486385
121,165.76141256458004
122,118.11684091442461
81,-39.33831111005328
85,151.63806651768962
92,109.01136431397468
148,160.06399595581001
34,-146.0965007964304
155,154.56623477352926
226,-93.18916035951645
91,160.84591259446933
41,57.37479756033011
123,143.50914361401908
66,160.81083140388108
82,124.30450617474848
112,151.13720184097107
139,176.08299654863896
88,81.62620902812664
139,98.6818946037198
28,10.91709144616985
202,-141.39205057505606
148,156.81920213173586
100,137.7652450469325
136,110.05086809023537
105,131.86497913430924
135,-74.27153470471025
133,150.5846834104608
101,120.40950459722718
151,156.13189160005098
101,136.50091742698322
123,99.05254412339922
115,149.5602207288108
116,114.59241512064999
148,-52.71643682003762
87,128.6327296076191
149,158.74790367779107
128,144.93401324392102
145,155.00413541465377
135,166.10282816691412
112,141.13063383639013
139,112.59709481735564
115,102.18593773779911
118,96.90620545022253
117,104.69905931981762
52,151.78969349341202
86,118.46365069254199
86,-166.81903244776063
119,-176.49530918596597
125,141.65706780051332
108,150.16175250151164
108,-166.11860562956744
143,134.88746740597998
88,132.35486169749123
117,52.911542716495774
84,117.342129669914
175,22.92700066769271
134,113.69167044889554
87,89.44205607736578
105,-170.14129815260904
121,141.29269530187054
102,121.83314288266808
131,145.63366209769217
69,55.49019658409757
141,168.08398388780316
123,105.54864413719483
106,81.7876492759872
158,155.52291566152394
149,136.09536484687254
55,-98.1255740809324
126,-29.530600178706642
112,103.85496325498222
130,111.32643835122548
110,-165.13850916369014
84,-167.22013638328195
102,110.46079449384362
92,124.80727524683604
116,145.6026899888589
136,114.49865479546222
81,-33.6725842932508
93,140.00800901874018
137,97.14276951237125
67,93.22759243981957
67,128.91731828694984
116,-55.976829560107326
116,129.4831511146342
113,97.59611309342644
62,41.13892028635902
3,68.92014021635076
58,165.02373298857862
111,153.68017751051758
149,30.485250100943162
115,124.34427581127419
92,126.26906305074088
113,81.61523689261134
71,106.3148560949553
119,147.76363199401226
54,-151.74647904662893
126,97.87274444084365
126,166.23948328658574
100,150.9492555588884
97,139.59365071042384
111,139.92489113147215
122,151.13329809163082
138,109.43794669632214
104,125.83894033314185
44,150.8798733623793
103,133.19903386842012
69,112.04315446295169
126,106.16750603289141
56,116.86950497050951
131,160.70083926627518
154,80.17075355561164
59,143.73706707707348
136,96.97247994698716
110,176.3004733165462
80,114.72993012839966
128,166.82504216043398
124,148.08675136702502
122,164.97599321780694
146,159.858200753208
123,148.9930359852713
17,130.93790891656081
110,140.06184001211895
96,87.26301522547173
131,119.31066842474075
93,150.6048237405879
141,8.484151632184115
129,-173.67475855916726
148,0.2998192911674085
133,107.72155324406212
99,147.30979763804504
94,128.01823949587077
119,133.06245859002618
93,-34.538501815191196
137,-46.78423940890277
124,161.26303643073166
122,135.24845116881752
20,106.03517280462644
141,106.1754970603071
137,166.2891408067747
138,119.1637940039812
134,109.06803643880511
132,109.0522055519075
120,123.57113193573905
108,159.01076362751462
94,98.26141123031375
101,137.4519745696392
149,102.4313480024148
73,124.50020540013666
132,156.19065339344777
102,147.04822335418748
127,132.06695460517244
110,98.21795922104751
100,119.02189197823641
54,165.4185373255085
119,157.77088748963266
123,160.94868122201675
128,163.15040811818793
124,141.63882282925647
16,109.56927192861106
129,164.93244199324775
145,150.5695350627509
140,145.20491595556487
123,160.93436226595077
59,41.28787382592541
141,162.63652605197504
136,146.90992701516973
111,122.11751791120567
129,117.9644144905744
108,173.09617392155468
129,39.64127200146497
83,-153.66443972800857
141,112.55320162892326
84,125.53628935644826
74,114.85275355967556
94,160.51697769541656
119,116.07625916471329
147,115.82392591297533
69,160.29835227508616
145,145.27319225141687
114,164.4647962032558
100,156.91829036212658
52,144.1291988787311
137,97.79314396838159
119,-7.704388551489306
42,-19.95672028225398
104,137.14703754584676
133,162.35588675601088
129,153.23789894687778
154,154.67315714132567
125,108.60848725617687
97,108.4520256556015
109,148.54884875723718
55,-162.59705358462398
107,161.11323207568205
200,65.27900801268609
124,146.2380482788638
136,103.94040552427568
121,-156.19480368927978
131,158.68930188873588
83,110.53396486987047
92,118.61984034602568
37,-45.63803587196053
49,146.85318993362083
98,142.7292222441383
63,151.80953688722602
10,-145.63999981466807
57,75.42328597858334
98,136.58623007498895
96,139.32767621895172
113,120.39197564707223
95,155.00013330151216
162,149.93503702369875
120,133.15781873479997
156,153.19267242024424
109,177.36238426518884
134,130.3158341254697
254,-168.24850989026655
145,131.87938142240094
107,123.92071364664724
98,133.3570098192755
84,103.18265548408779
76,-106.20199778326645
113,133.28905397996687
98,-70.67129310284638
79,169.2802743459219
103,156.47048768298538
133,160.49099041969663
134,128.79671387639974
151,155.5899138822923
31,175.34346703207035
125,162.9653139512268
93,-9.429437446497419
125,155.7122230732372
115,163.42114649364905
134,165.82240243501747
117,101.74689942351831
110,141.65192586618852
83,-91.11468233987023
135,132.7478424045107
141,149.87327152792753
66,120.48976443224178
95,119.03722400540968
68,153.19034128407256
98,155.80296195527836
108,-56.5415256012003
86,142.23535928149124
120,118.1386107922416
103,143.0878284181018
39,-43.338189487208226
125,139.0582123568404
83,82.07017730920597
129,168.767070805602
122,107.42268315608305
132,130.36337820084324
77,147.14537814996413
109,122.25547437918097
66,136.9997139271362
153,-154.31288516401872
70,155.10750520356547
115,100.07943845279048
109,118.58442443634782
156,135.90422545596985
93,136.1977416160381
96,125.43622917286862
150,157.73628348665235
86,-150.76570279121458
143,140.89041379017522
144,96.23925956833207
135,94.86398357229488
150,158.7321104731919
150,103.04256518599567
97,105.18151300064953
90,161.18847498309043
129,163.88628909178385
97,157.1554831357384
93,168.3758726081381
148,155.67680997544912
72,149.46725297562253
47,137.92103547652673
57,162.6811135330357
156,155.27561040220317
137,152.32257694274324
59,-150.87299419866108
112,119.08434280346643
118,161.59381462828622
63,92.52005946919355
98,140.81982118102846
148,142.45532177472643
78,105.10763832221987
61,139.56921226612735
124,170.02955510505663
60,112.20216217342623
119,128.6487305883237
132,174.63376822233099
135,161.3099630668304
42,135.36885603097096
104,104.26472940203188
167,-22.260971653007555
108,172.56893870930358
98,176.83953370679683
48,141.27567510593673
145,102.3848353562853
63,130.43945513396807
90,-83.02865671336791
109,142.30212870830007
80,-80.41421328563462
101,138.92168175959492
96,10.339144995465276
109,132.07325408390568
105,82.98578497387795
129,144.429052873895
100,149.6727387927615
73,102.77029050614705
113,130.99457498275842
81,134.9380652461313
78,116.78680326492872
124,118.14239416156192
141,136.69035267757374
144,145.32015288548357
76,146.38261570550952
122,154.00536625008783
145,92.36936021853035
88,-78.67222761281276
123,137.7971515542807
111,147.62124841170888
129,145.4820764291356
82,121.0256926778016
112,97.38859415281848
85,110.53771659318069
113,147.4565842359111
84,107.74896149461497
137,94.46435007486012
100,135.66444255633718
88,-31.6464016615985
99,-70.1067920167753
86,147.33515750855832
147,151.8939479783735
132,145.2160639256375
132,131.89146562968503
112,97.45643607065527
137,157.65454786027217
117,157.42630415807577
130,105.09874422825024
121,149.1511828089817
110,140.5794481911355
48,-65.777118944131
118,-146.98386190343456
115,12.319856894818999
126,113.19483744242643
116,105.68778712875827
52,-65.10589244920651
111,130.81599086681604
150,150.5266057661837
178,176.06943584285702
68,-169.6382983520989
113,-151.64489911239312
126,-91.16101267880651
108,151.8325499061781
117,105.68366510528494
152,143.36010819946446
117,124.30209133787821
105,145.4280050517767
144,140.2073786827478
81,129.3666528105095
137,109.15687826909493
152,-153.6295948775853
118,124.09606941631876
137,128.67931053536228
207,-75.52701396872756
88,-59.71496676699162
92,-82.18595172626993
155,142.5114196191049
79,135.25695636053274
107,157.8241939896868
70,114.80896219504595
125,162.4097409733426
130,162.18720930916436
102,156.94028109528412
123,123.28640339751662
21,-136.00891813282252
120,133.13936693133496
119,128.068753942481
128,122.77887568670776
107,101.17070288162888
152,158.8612393680151
85,120.58707988188851
106,117.71029672666252
125,126.0767351873701
35,127.15263030079213
104,137.08405312653193
136,163.4474105888029
114,140.4249798895942
28,-179.46761450306062
91,170.31346517091723
86,106.68517477912525
112,1.6975447798563505
127,161.2374300145289
86,175.9614908499392
98,105.00646526549644
98,151.85301429215508
120,135.92336890527233
144,30.77952435758134
84,144.06745181256062
81,101.01303768480146
73,-147.05712781080163
96,159.30509009044056
135,122.33946371561171
100,169.2855202220088
157,163.1067430034335
82,119.26028249202075
82,114.71004144135084
135,165.65785160537888
120,102.8160128702227
140,170.21939649147618
66,129.38986205013282
71,-28.486718222967177
92,141.36576047458044
109,-166.53100800073787
95,15.517047612545452
152,161.9809406796464
149,108.9881153731258
93,150.01599687399354
122,-173.64282891438557
127,148.43096758398238
130,133.42276781978146
112,145.47355337779243
153,154.85026365904272
57,92.19170526331942
109,-164.83594619482284
142,153.93434608402083
86,-167.20744028244508
122,117.55220683995736
113,-82.36149435125688
44,134.84198653873943
91,172.8764033947571
118,159.71202544346335
131,114.01115108078571
172,80.71716192300389
61,154.72213359651704
97,84.83398011327722
123,115.78304465794992
39,-24.185850557592712
112,152.30041352675403
97,141.0842603993723
107,150.75624836422048
97,143.4318638669187
143,141.83997166749737
110,152.70958123598052
99,-84.40044550194312
102,-167.68871109259078
138,128.46283037759935
167,-149.94242669650808
156,-168.0136996060988
35,109.60931961949333
124,-0.5170553424741197
126,100.41454703246634
82,119.56881123505715
130,-37.2454814758575
92,153.7160721593123
135,106.59783658083883
108,87.87662729946935
139,159.47597840760423
130,121.5084001673041
100,151.48942813502333
97,134.32016176109494
67,167.11712631907952
139,118.4857049769266
110,144.04677964423402
159,150.27547040877002
30,-170.38189939690236
148,170.89435135040839
99,105.382628943263
107,94.98110111628584
99,142.57139464849817
108,141.96736462242447
121,175.1242597594802
144,171.4727597611551
96,149.70758147908984
115,124.03270638933385
98,146.09964211540463
109,129.7533799316924
106,87.50624824492267
131,162.51122939730723
133,122.53854369703134
5,50.91748853419769
76,-108.04593699607845
25,88.34061882390614
78,112.76943209626778
127,-38.766238796054175
158,154.31906158653626
123,160.59154821439353
98,143.5516519849486
111,174.9201066340561
119,102.80854860402188
153,131.07290135329484
22,162.80840772286984
108,-101.71190143899868
130,98.54084200959836
98,67.27264838157409
153,152.1555207757886
120,154.59567951347447
119,158.9926031079152
88,144.9068776284844
161,136.41681731454702
125,137.2957774661307
9,39.86556835251097
121,27.70453111834461
70,64.89598815822461
129,154.05114021546623
100,123.53456418265338
130,133.6878308660998
134,105.85217725986983
57,159.0787089000397
59,154.72632973406414
89,120.04899990925972
92,159.19200137679056
53,-176.5946328662622
136,122.3109138308705
49,-174.78237713076166
122,162.9603055029032
108,150.54343842355456
95,119.09732654623227
108,152.78169746394025
102,83.94308366386547
102,81.72377177272563
135,129.6235238669377
98,158.1414347551487
200,-42.693477707139095
144,161.32993018279873
143,145.39445370788536
96,138.61787994536968
119,96.90091425962571
128,138.65042159564675
116,146.65028106690005
109,124.18506682630486
116,-149.10160883339637
114,135.73067979400778
131,27.477599403313373
118,139.39137040578885
146,150.0668295210576
128,136.8348644927219
134,152.5596451816063
114,-176.84456921666282
130,118.67114883081652
185,66.31128946932652
99,107.41927309389979
29,-142.36627189445485
182,12.3794283221304
160,50.33025464224432
113,-168.68960251063757
151,31.271548022733825
126,106.96929529916906
97,173.1686419921096
141,142.36829215088767
118,-152.26875362425787
104,123.18701003422652
126,137.18963629395853
99,178.18835968819985
137,-170.68526605302048
118,96.71066125643958
132,155.78882280046597
97,139.37381645263275
105,141.02057326146513
111,146.86113881379936
39,-44.52137577927662
133,116.78421696692877
86,119.51322099038862
137,138.64462305080542
95,175.56560663506437
53,159.04543782012627
129,154.0544370385556
109,152.49687166488275
158,19.087489954046248
112,102.34184872699123
141,119.42637772067131
81,20.500714737108233
136,96.94712489272773
92,153.86782021858016
297,42.41871831920294
106,151.74534038239918
110,133.4894349629292
127,-38.054938959515276
111,97.39869263263333
71,148.76467821351702
216,-71.4857477146419
52,94.79431343213584
64,136.74304326651327
123,147.72625671285473
138,98.23419364429584
100,118.35048241428333
102,18.818078098578606
126,102.41427936078846
114,44.32235085682807
140,132.7081199580776
19,44.06236358407372
105,104.79704250008494
163,35.9180882417882
101,168.40193537431998
154,130.41989042033967
157,159.67019691219332
110,103.1845503754208
121,134.6066478443181
23,26.888391291026426
97,137.42612145980846
74,114.54312218707712
140,-115.8958250294083
95,-42.335257334206545
132,165.2609693709786
136,112.74244896619297
66,-19.53553454504588
113,145.12658899115132
126,113.21957465072718
99,152.1205890337631
96,157.8928912632023
106,131.1696549378084
142,92.56485033316133
107,-148.06744508733277
105,106.03999912376861
165,-144.26047211368356
151,133.81869482693645
68,130.07474076239717
80,102.66234873268799
147,139.43711449747397
134,171.18097654014554
96,-171.3871371490257
101,171.1471877265987
83,103.0654143697793
147,112.17591346786412
126,-91.75549756883468
55,-164.19128784375036
99,104.07571273818706
76,173.82789440189256
131,116.6163900428739
112,117.93224828555624
110,171.3637742765895
100,162.5979200829775
163,158.84176624280525
154,163.06695533707907
109,14.056515615943832
106,82.0902963154178
117,135.42715377813124
112,141.485896750497
80,-155.222478441339
131,154.40640072160525
84,115.73598243559188
125,155.81856612583428
133,146.00944959319102
142,108.0199814083796
102,129.81800018796775
123,126.48095034723369
68,-170.2068025451865
80,100.82354456464151
131,169.23703386995226
114,-174.7978819147691
147,96.92001554847312
149,31.072147040596178
95,139.55515992813557
141,157.4105717103674
146,157.2299943819775
131,146.60816883579125
99,174.5924051414188
152,160.3833171116402
84,107.12864316276202
56,93.87191499666996
151,35.69745838215331
91,132.52804848619934
66,98.50462221545263
113,-81.77198544538786
17,126.68761115756148
119,145.45350912564138
109,128.1226602839562
100,155.0857036302704
109,128.24290911316325
141,96.28295687700817
157,44.747936364720836
152,159.28447726662384
74,161.82697680359902
126,136.7403217922387
83,119.6369749089794
72,-29.693663401930603
109,108.37081597332482
209,-101.67193684924092
114,120.9178348301554
50,137.18230645211898
88,121.76308948652934
147,143.14284625375169
106,141.41541248840565
130,105.45288016057788
129,171.0753134803889
289,-113.00378659974561
138,146.44931700403416
136,142.33919397947253
139,158.21664699741729
105,73.91967745114188
113,143.65072133128655
110,124.22432372953337
143,101.357328964371
132,155.3567943598674
145,159.1375062992064
92,124.80745686313692
137,108.3687448465785
65,150.66894742833983
135,157.0033980320586
109,124.67015342266228
131,167.66432211723506
51,77.52861406079985
99,142.4894228736047
226,-171.50524917506436
111,132.39570995024968
88,145.55962918905453
76,115.86973882017121
133,106.53742770431799
135,95.09371445862921
129,102.74990001996518
96,-24.238173861337916
127,164.235185316449
147,139.19677824006675
144,132.583825770552
114,116.13086858429904
105,150.09870697319926
32,27.42467604958824
96,164.23799052179706
61,155.49080682401456
70,58.581729660795396
98,137.28250718514352
84,-36.596120901226016
119,125.87117757224384
60,43.465287326417275
205,-0.7410920908672125
108,133.22396204957892
101,160.63814543766057
87,115.82461251744735
141,132.40747360842064
99,113.54911329681276
63,91.3526725834238
125,132.19849474721804
103,134.8348824952731
95,118.87635518651457
115,161.29914779324295
122,121.19240823789862
106,-168.73789915828456
36,90.45794744499267
144,131.45716051137603
54,157.96453990420784
130,153.45662115891042
107,143.8724599469306
58,67.77618992738553
145,150.63323556850438
103,108.38760559568495
136,68.53517800350167
93,153.85920592741658
93,1.5270575171438012
128,173.2718405057362
112,143.67474671757827
100,134.8571988615186
124,110.6493965011724
127,106.15524959854409
89,-109.80418922983282
68,161.59961396630933
59,159.0266395527538
127,101.18921078869367
102,168.34466911985035
135,164.13139505276595
64,-147.94535485886294
100,-16.215345067350484
87,118.10191239332418
134,122.51541068394367
41,22.620108859054547
107,131.86313919127676
102,99.60048082262773
54,162.64412013580989
160,148.17893397892271
69,-168.10936637392524
110,121.82142879024053
66,99.57739755102756
133,94.48662765312964
122,126.57357142873467
113,142.25647881044654
139,109.23918310259829
90,113.71439101570691
124,153.6113450064567
111,171.3345395744529
106,147.02845280099194
67,145.08982003610657
134,-156.38745317149952
145,139.00036507646644
109,-33.275282802495916
107,115.18679741598561
87,-97.3678375118073
54,-42.79276771032507
103,151.4360990888592
119,156.8429871148852
120,105.44113789722239
140,99.23654541553196
102,144.97272943334536
90,111.45659764212844
111,175.76968917999835
112,157.36834150733822
117,152.37186340988592
94,173.39223307246985
22,-83.95158626353329
66,106.06435511058895
108,152.7337804433953
50,-152.79232487916022
143,142.72767593647814
118,96.65038238829176
62,153.9605519558446
107,-159.67760001156384
133,109.91195430979265
140,168.6312857882512
31,-168.6534540249551
129,157.33210868466625
95,61.535650376923044
79,124.51927979986466
77,147.8474891523499
139,167.0084032142836
145,146.15286893671973
162,84.27298069314018
134,175.33326639238257
121,106.6910489814102
120,163.01811379261446
51,167.40473821085186
100,133.3038799971419
55,154.1909689035897
91,-157.27811806201643
118,123.11657376977718
95,-10.037865686781542
129,161.40264488768236
73,112.38212872461027
156,163.53288624521417
123,150.42534397118422
46,-65.98355501103259
159,155.60850734530837
87,143.1406293380207
119,177.29967138219135
93,-179.58305945107614
64,138.9999980282046
61,84.3008256476983
145,96.64283617686615
137,152.47269303132867
135,114.59996857256989
67,-177.80160674228776
135,164.6563003612513
113,44.88997861227001
139,102.14845749602424
52,81.04771703417944
107,123.07473641816902
12,58.91854759608115
96,157.94713399744768
147,96.53044216992514
151,158.00165094453791
120,131.50220253562114
119,126.30241380086086
134,106.22228669225179
142,134.84328039882095
90,125.98418699388571
71,104.38746507533018
121,12.648017966853898
110,153.98017289473907
101,160.4609525183306
109,-121.28242945939061
126,130.4923218156606
93,162.47143673590227
139,99.8285693468667
102,139.36157665683857
137,123.20589510827881
92,121.7357379083016
129,98.81476031472934
147,138.41173077508898
111,36.13992107006361
133,172.05614270908566
122,129.15303733152894
314,154.98368942697857
111,130.90285375145126
118,165.86616623126056
30,169.42452794207426
152,160.2137358535258
70,158.6208724186054
129,164.57199393646863
116,11.7160530184462
70,156.54168221900693
112,156.22676036962756
141,7.222024993925788
104,73.44706413798369
104,138.03817532389908
102,129.61443684332937
124,115.30089076954194
121,125.25867239904616
25,167.11512850672977
104,142.90843722521183
63,37.26053550354835
84,157.5512246441485
95,129.2186031107066
100,159.29517257834598
95,142.05636906247037
76,111.76511876181945
55,162.36398613426366
90,167.7373723929779
70,101.87151165231339
60,-146.35631860330622
136,123.64807213270714
47,-83.27906227925081
10,-94.45850738127521
89,132.23217338410484
72,168.51476948028062
92,154.42622620175558
63,150.98753151461807
129,155.3977965925099
115,178.9455757076032
139,123.22320240178885
105,156.61260356996596
213,-15.014263990603022
125,90.04348509226158
69,155.45582918387666
165,-143.42351140319352
105,109.24210580659631
123,120.0038394418742
48,160.8483088229936
134,105.82140881384171
134,117.95335773147902
230,42.611929908440175
182,100.32315239950789
138,109.43915420242064
93,100.11300794289943
92,151.21495789643123
150,159.01879943702508
82,-170.02401968323431
80,25.958930606406007
230,62.93546180647757
69,115.23186351620473
140,99.2253809695333
72,116.07614996066586
140,148.18738303242236
152,-64.73418980920073
149,92.84852975181238
133,164.21659915224075
98,-173.1713819680155
121,-109.61795692340183
130,144.18532563976035
128,155.82436721324933
80,133.10124363487196
126,152.15069273052137
80,4.424415462522794
84,125.55257871787755
108,145.61655608224356
69,105.97542665705957
123,122.5283870209351
133,163.4812096168763
105,131.46649214175793
114,-174.7462432364585
67,160.45913311002425
122,117.29115554158567
124,161.19141975212315
83,-2.9701582043986225
91,-70.93151199071993
197,83.60766628720788
137,117.44886630728705
109,159.94333273437124
132,155.5575785012838
138,141.03585910259224
225,64.35930920475938
145,115.81622607311598
19,-172.57366207482315
125,145.76006635057175
102,168.08529539966653
69,-26.20191648504042
136,164.76836640262212
144,173.34121538066242
100,109.2212709980859
97,60.00049331385844
99,137.819341756465
145,101.09938178788883
140,109.13892488647444
126,113.44803416647585
148,135.6443630468682
139,142.73254412394132
133,147.08987068709658
10,-144.57795586258314
116,127.17860699236019
103,123.40647403103888
128,100.25492637405412
134,96.85725791708678
69,160.7839172138052
129,154.84812506569205
3,59.12402694135968
101,-143.57693620479787
130,164.83007532920774
144,159.6284772990488
126,123.37159378243807
130,154.8897808040866
12,-152.5398599809043
56,162.7690129002388
87,116.51024231391811
176,100.37355297039322
58,161.7663318982753
117,131.42944036074113
107,-167.36026559168005
122,136.64967786458894
278,-136.6450292111666
144,96.65195595264176
112,100.00348323095622
130,169.60066335735164
88,-119.50363196667773
84,144.6562771050185
157,164.9937415801658
92,125.54243678978803
141,109.21484480689033
95,158.29605258504566
70,59.143720374781346
95,124.29573276427604
189,-134.40463166262555
126,151.5573612151638
101,127.90009938657353
123,147.7928985517062
126,-174.92660909987288
109,161.17373820430672
136,142.35512830988839
131,92.43444194948624
73,-41.59066422823151
91,117.81789896146981
86,148.21718636101707
54,164.1993468921663
124,63.615269056897105
127,147.71950716859033
130,127.01577049179929
139,157.1003163024459
94,130.55277988952608
125,156.26870937540505
124,155.86824882625604
127,-28.984200285963865
60,155.53697030891234
35,161.84589307027596
125,112.51414624759025
76,161.06038052458868
123,110.73595594830931
98,117.62402441975617
128,114.03137164495325
118,112.09860618715902
121,130.8725630865677
95,126.33151168058598
5,16.138885946322116
59,83.89689015200427
120,97.07524070283014
57,93.00254468077179
146,139.53902860457342
78,102.44381545040622
114,132.10181994859755
129,141.90653099151274
124,98.45162768932384
120,-27.20665656193103
84,18.53709963866949
85,109.72363516668398
98,136.85751055150894
72,101.50410538003598
138,149.4012032926284
137,153.8289067763034
120,117.94246421971638
136,157.9507371807191
66,134.55587628111414
97,141.53126483450177
148,169.95188761266803
135,93.38895037860031
85,115.87186875016693
130,163.67097388949193
134,107.16440522297923
110,146.75340281747833
155,176.71921239386813
81,115.08725447948025
50,137.9775415123464
67,158.93398799646815
54,-177.65664366575157
141,131.1062444156977
77,156.23679990308224
99,176.9904963433184
73,125.2831986145594
91,133.69100197220885
133,93.86960050876431
129,144.9175253995994
124,111.04051151424616
113,119.818516832633
119,124.48521406811807
93,144.04147262869083
137,103.90442488012282
142,107.80321302233627
127,157.55142455688357
106,118.62783168432576
120,22.662069862940303
157,150.39187153257222
146,161.87808456674932
103,104.68172426416916
144,104.18107039805271
147,-32.38450962886553
95,157.81443766805663
95,153.51421594596664
103,133.40390373031715
50,160.26444292395968
97,138.333529443679
153,133.34553595789194
76,145.88578741118286
213,110.62269755040009
129,146.0726346987804
112,140.43007353050263
126,155.8972136202293
132,132.5566696340345
146,159.2558039274094
113,99.02661947218573
93,152.20230815403173
50,-59.0181882255704
152,130.06629711239208
79,148.6730386647193
127,154.95283004250064
109,-56.562591449848256
55,95.0378103828244
135,144.55244072753956
74,136.4665750764313
105,142.89576446817478
142,97.57863045840635
124,127.44273220236131
123,115.26273239847647
114,107.85854015885229
119,147.03034768943724
141,95.6731748955703
123,150.90245020537404
134,129.92301726267192
97,145.27922331222186
89,151.32119445224663
144,89.0884662871631
109,152.60031625123452
125,-175.22313871114278
119,116.39798785637839
97,-105.57703677525835
120,148.3511150063565
210,55.84663714982745
125,35.45886559268347
66,46.20596397056474
10,-92.24803731049226
95,161.30366420368892
86,143.07380383720067
63,86.45335340728727
127,132.45666527701763
92,126.17714310210702
143,121.03585286580395
106,109.67649585647524
98,-178.5623085751843
123,23.943877863165575
132,155.25121776504693
152,157.5863516401241
127,166.67481128294722
84,-25.503427214599654
103,103.89609588438834
140,164.9603397531882
86,146.68756173757652
113,147.5175972473186
130,152.07998502305472
78,105.74897505121906
116,123.72904637724288
94,107.4831064990196
65,128.771162886301
40,-24.357095250268078
96,127.43254227274369
155,-172.30771708266298
82,104.04449308546018
138,150.67536318430191
143,120.4587702573499
112,144.07800262872468
120,162.84987757177058
131,139.31250750319288
111,-108.7668960447104
90,120.84152596909
117,145.17983029968386
114,150.51401205381055
85,22.76360424983139
83,116.23032764296657
47,165.0717602521872
135,111.11464595055588
116,170.00527709173227
137,141.55760822309506
83,126.24193691393238
100,-161.81946913486766
131,138.31008988478757
9,36.708188014067
143,101.29301787672782
137,155.09558922044323
141,11.415198257872607
187,47.79394011473148
113,10.684334874309718
164,84.01112205088945
105,134.78378481020846
136,97.22511097753777
92,156.03522297188564
102,152.677141577525
100,150.4294632559032
91,106.61939837576953
116,104.08212907159114
72,115.25618760128704
110,2.6442991849508113
136,36.82451990065487
138,131.6326283237186
117,108.22066506013351
35,-163.368358677088
92,162.00160278240787
84,107.96828495115346
50,-98.18409868665022
98,139.18068098827595
69,-170.28677182023984
104,132.02827419887413
105,172.1743470816895
111,145.0093076099759
108,161.54877265503904
60,160.18425584645402
127,96.11408050845806
98,140.33082590201155
94,2.707303572009697
108,144.22542080972374
136,122.86930224987454
116,114.92966549275698
114,153.14534850115305
121,167.1484420548474
103,129.42000222228876
70,160.97629333561858
113,157.08080476132704
74,-65.00895037697093
119,-146.86952787798913
96,115.96881508189296
126,163.20901469614614
52,16.96768282853945
112,135.97945555767166
136,117.99700343600492
124,104.45496474205433
88,141.7691462387197
70,157.44467030392732
74,160.75783214525583
69,-163.8924981081667
135,105.67362411083218
168,124.8033955264758
127,171.25420899802953
73,135.2657810462102
102,-173.79778159152139
132,-23.35044551977698
12,-154.79529649595628
121,173.7155976757441
127,102.450580190944
125,122.10584108944967
140,53.410413782235075
132,90.73240116803649
36,52.58278581339131
71,-168.8844321626312
125,112.25098879047826
38,145.42916535089168
106,133.5608699112564
105,118.06754486502186
67,16.85894452539013
52,165.46886353338274
122,167.0840352063463
140,145.98846728398928
95,-55.1367708903748
34,-51.76661354411766
157,154.86401771634445
137,151.336981940355
148,131.03751224936408
136,149.3562261284172
152,156.44579134432425
61,91.8117272080324
100,113.98354735003393
84,-122.242078225459
124,143.58695309931912
115,99.60365830732479
79,-163.02260977607705
131,148.90401295560162
96,139.06344152854209
160,-136.2976490714564
49,137.7553196594044
76,21.122661793757274
138,104.09610084419737
123,125.53007254384147
134,130.66994521465205
101,178.22059416132825
122,114.73892218677368
119,176.56502290357508
107,120.6177378245517
71,57.00279253505408
125,105.54307279297926
132,143.76409190193965
127,152.5079459260158
122,134.42503041045563
74,-48.78711824099465
8,66.80140948635182
75,131.97241972802743
138,-176.8307521041952
143,103.03749141831179
97,172.82549424164233
221,111.13005495001711
117,96.77591170570282
109,150.73785551507254
147,158.75870677074198
133,105.30119973329924
98,150.14127312780084
130,102.53318061386359
134,144.13910927373536
96,86.92961328452253
132,145.80271348183774
133,138.94734556778747
126,114.68887258532251
117,145.2987057812634
49,136.7972850603269
93,104.52153561632576
102,127.37546821102431
106,136.41967092928624
14,-116.85218829708757
106,161.12533568201
123,7.2137597889324745
97,128.14166005424136
121,73.38580497961837
152,-54.94201566233265
101,143.96342329823233
120,107.91535549226143
103,82.9612274515394
128,146.52499959045176
124,159.2577878169783
129,164.7933094357422
125,156.34055828333018
115,163.1501740275221
149,95.67573630022169
112,129.87613039029037
143,107.9886128046181
136,167.94675306942224
116,-171.13944817705072
123,98.84136172699203
125,142.5422643176009
132,169.01057173909646
108,143.52368544136706
24,-166.87954212782566
120,129.0694212874224
98,162.07983720286157
85,168.5188910890271
89,107.91528071434774
119,137.9364596977384
93,131.6417444957445
144,108.76708256379672
124,140.99615855561927
98,103.10877024923612
95,16.255103574592315
139,133.46647759591653
107,171.22020478294107
50,-94.33480108443635
93,176.65697950334723
159,18.922276845411847
65,131.95429857228228
105,155.833453842497
105,141.40578513987657
136,129.70594463153864
87,116.59295795172484
121,116.6499421057302
125,96.50435815909363
112,36.021477350556175
90,127.04352268225114
98,143.84289087594323
87,108.85586038907344
134,9.11597722611677
71,-147.73597710703416
99,107.38871516704246
99,83.04479077924655
85,137.20363187442513
113,128.86917386689507
127,104.3554976638903
102,173.07870182249127
112,118.12228177042795
84,126.2878508290648
110,-121.62296182522235
99,171.9421934921158
153,154.71984362117246
152,158.96245954928864
82,115.20575391204002
131,89.03600815161288
125,143.86008015823418
123,159.67324687724889
108,161.63437157506067
100,133.2308965573105
85,-158.83286658810468
45,65.96411608110787
110,125.27935650867282
149,160.70520125936983
146,80.60220824959494
137,147.4034673658054
96,139.53044546320777
103,122.1439676994872
86,154.8461250239529
85,61.03749127760829
143,115.12653187766162
122,100.48017432274149
99,145.91398289992117
106,154.09959964973876
126,141.87116652793944
52,141.76453864104437
175,109.2585726388643
118,131.29978456320794
11,71.9637228430148
68,-170.55248084992581
213,111.28108945640014
103,81.58185114199213
60,147.23759404716412
57,162.51428037941875
119,131.85887024792936
190,110.04406940643828
131,142.4335756819069
84,151.67515827073004
112,147.21650981590668
105,150.7228823466153
136,161.43894479182694
101,115.8067447034005
290,-112.96608019555079
141,137.61916885239538
150,165.81243721784696
82,-166.11567147670496
136,68.87148652084657
121,154.73374704977857
110,150.52944696662124
105,119.0065808034739
73,102.19240335031601
139,145.60032613633433
145,45.00056250072716
107,176.7079937719166
63,-100.79943769935409
140,111.99338458170452
121,160.7259971514925
153,150.80472887738912
132,139.6020955881563
78,94.777664381086
50,109.0743758884249
149,152.6172470775761
96,145.4018191991528
154,155.77334049604238
100,106.32096133887954
47,163.4514269652425
88,107.18876851710995
173,87.95833178829592
126,121.09807456871185
7,17.159849598953475
100,139.76280266876114
128,154.34945319595394
67,15.15119438438061
138,133.0803195376209
137,155.05012650650792
117,160.41793870799222
69,158.06652977246105
107,141.53164194169895
120,124.85276139580917
159,-163.32203555747412
131,150.59120778163603
148,12.737042018257814
102,150.14505071362225
131,163.05062067716813
75,-158.27154803423062
113,-137.4966580881202
98,137.69123086718957
138,132.89618790396966
78,105.30049603724328
111,152.41094058903118
102,108.58806864629712
129,118.56843559017605
91,133.47283800302776
136,109.10747473643215
133,149.6734443609477
76,156.60974262739703
112,154.11199568521755
100,151.828976561385
127,106.0962727500998
319,112.0241852515877
130,-8.951337425176547
95,129.4924707531242
66,-101.64361020984876
98,85.32518747789858
29,10.409749336955823
138,145.99807255971385
58,135.18171239029917
136,8.225488776446555
106,150.67800016851473
158,155.7987676861095
138,105.75957538142697
109,-176.61052688395506
124,152.85232743244816
130,152.45388142201293
57,154.27401263760655
82,24.77614980158816
94,14.901808965343024
124,140.59031089469212
104,156.13030531885428
63,135.28249622103615
88,-156.51335186081195
156,165.10782844365144
131,175.64384213537832
65,154.71899007747191
49,-22.148674124618005
140,123.87563192983015
141,114.08697995240631
138,-171.7978179767517
83,-38.64069716221574
116,104.09366092934458
125,-36.63166382602559
131,132.61056869513516
105,-171.79832737055563
132,78.03332549422896
105,104.26068735839307
111,152.89367539416315
38,-24.684791367973144
95,114.64898275817481
111,131.66720611176328
111,125.21383512413223
112,96.11434216500412
114,151.7205033293884
112,136.0225444046479
142,144.9258575969463
76,110.83391068278424
74,-29.055399374152685
111,108.27376157256131
161,-126.61780409726542
102,138.7875845803763
107,116.74218104824155
118,136.27366995837139
136,123.56120397197112
129,112.24738953682886
60,45.52390866735353
107,118.86209341196334
90,155.7376046426204
132,117.60572851699155
90,120.0063643120343
123,160.19702074323519
118,138.39252812559099
114,118.0340768695295
118,176.7637561197597
109,175.0320082021277
104,119.1110526412346
135,122.47884585023986
88,111.43491105466664
94,130.897168858259
91,119.33088079340234
106,159.87946660575724
125,154.84316307309516
102,130.0454291931918
119,125.23377742713744
134,150.65291780200457
90,151.5147848392438
103,140.11744547982568
98,154.10000743580025
92,158.7967101391368
126,-126.99020307446071
77,169.7818543509923
133,143.48342751714193
69,-152.68736492218682
99,134.31431666788174
163,158.36988595164058
153,160.73469846807927
115,133.5227615045094
149,157.83792791193366
96,143.16923643131474
137,105.82925842015295
96,156.5334700188919
109,127.3677728157764
134,123.05371237027866
118,128.1970362479669
98,119.77733408992776
41,76.06917546096633
119,104.49177882906278
116,157.95978911272456
112,119.64418445733456
151,110.57279404388647
89,151.28936672136555
108,160.9001600938643
28,-170.42766662316794
161,149.84100830612385
108,143.1895595623404
112,161.62710984848107
155,152.55935469584762
57,-154.36203101931042
98,118.58125013398873
105,-178.79213864936608
120,131.29470741049823
77,126.61764665951785
67,160.356283884248
63,157.29490131446656
96,158.52601197165865
122,148.8798032991661
98,172.79519926456413
91,127.89825150468548
111,97.91005144910305
112,97.55465875290575
142,149.33162073647838
166,41.712788828013
74,121.30342130866447
97,155.78351753551848
94,128.96353562628525
96,-170.69685263989953
114,-80.73327307039973
143,116.19480540492833
105,134.47450218581253
129,163.1668378352782
111,127.90304795952252
130,148.45146163561566
144,101.0576816206522
60,-137.3275552749721
100,175.10480331226395
130,163.23875569817432
79,148.60503203257832
119,104.81155303773225
127,106.4487945573875
137,143.4209525409331
118,132.15046130496592
113,105.66669955998162
125,107.05875275939809
28,86.12856076849602
155,155.35363993365326
110,-170.3984081498808
70,16.039488427840144
123,106.31154527807185
103,102.78400559787696
104,156.98456003907376
148,162.57648806495715
142,162.3384946943798
107,-176.65165002459466
135,131.80211093986836
84,111.96972837543734
80,148.45337687874044
103,115.7705173660474
126,-38.41817319271307
111,-110.95450390683789
123,105.64199862546064
65,-99.14802988629857
80,131.7967760704187
122,22.189445983724532
107,120.07816645526667
107,88.54905250684381
94,143.33637469921635
119,141.97748545260237
103,137.12464513157943
72,103.70940813203482
187,-68.39937574643449
96,-148.06833317059818
93,158.8976659770862
122,-135.6023647952657
96,137.79901657780692
97,127.99025503106633
137,95.28538399159284
137,165.16925301384626
99,70.9352783150612
94,158.8506652990918
52,166.71124371474608
119,136.8330435151843
151,142.26183652073857
108,141.4840686388484
101,114.05093842851346
134,168.53868812355307
152,152.28674538814175
124,-176.10517784093415
99,138.80681271592695
105,134.32993080798784
100,147.40574903428256
129,-172.0448845173703
90,169.2275006832506
162,-53.796196765114814
53,135.7102728300371
104,-10.937220036453986
84,111.04658107349663
153,156.1619399406779
81,158.11363317572213
141,134.52073538981782
116,133.31481814768628
122,12.245295805827505
69,153.74122976436556
127,105.40084544027887
135,-2.4620939635851324
82,103.59198568287322
49,137.58716183902303
136,118.31495231308796
90,140.73052100244223
140,145.18188109788352
128,107.88732820879025
203,-105.27604562950494
7,165.41807134451486
52,143.63462585914772
91,155.52563818929625
151,96.61026626906909
82,-155.17091835732626
133,154.29960215517946
7,33.75820296516414
143,157.40610853066445
123,-168.38064068134224
106,-170.35943377572093
125,145.81412558980924
150,63.86205393380426
120,127.78369191931313
127,119.29463239407043
139,99.5305603801742
88,-60.67604215566795
103,149.14534322801353
85,106.96964100430026
135,159.52051651339707
126,114.77196660445667
92,43.37412036915274
101,143.5633375424422
109,132.72647747692866
95,163.78496063230492
130,134.17836651788616
42,152.41334433400604
106,124.33124367506278
122,177.52967296624632
116,10.461139657124809
110,146.04584809570215
89,65.62138650538905
101,148.43292899405427
108,135.85930794590203
118,159.45147112947967
107,-169.77688866269256
103,164.7742294473851
132,167.94123297792308
96,121.06808437291494
127,114.76525605481936
108,100.74289876081916
74,-119.39964280435083
102,142.32111367010145
10,-40.15493913868893
118,167.45135479421265
122,116.30587775054777
111,122.2998030990361
