363,120.72726242974632
243,168.05124141810737
385,48.05135515349596
223,-129.36308253903337
413,-49.779797613237065
13,-95.07716707169506
267,-29.83532848653899
350,-26.37276152549157
113,6.766946059159947
301,42.15474718895103
203,29.804996126635007
311,97.46797846777352
367,38.39158068115631
25,61.65683778063513
64,140.48919046248432
323,-35.50120784854061
217,163.42986033269463
166,52.6960957441315
309,-126.3469368714546
335,38.476195663314456
239,-71.0939716937682
323,-46.9034261916256
272,-46.664127701893825
256,-96.52321064748413
331,65.10307105098425
253,-128.52177233287424
283,127.98615586045169
293,-26.459059323266263
313,-12.103063252134108
266,-140.11340276178936
276,138.5169823856994
296,-17.354431554671283
227,87.71566561551334
344,104.88825796692642
366,122.03501101139709
285,-66.0254514681033
148,43.68955327549516
304,43.84648069281141
284,128.98489649771304
115,-23.80042237736687
308,114.25767243497364
301,-153.61557218050888
73,-145.90115537128926
319,110.43216050266473
149,-175.03820317386166
289,158.37127553292058
256,68.9787391148117
406,-50.103247316549485
96,79.04666104243354
325,-71.01536058853897
318,-113.6098111583998
267,172.3803860787217
228,167.05142454957183
352,-160.47215808792487
362,-155.05226156875986
280,140.09337974450742
335,72.91319692533057
277,-93.1803040637128
195,-135.06891086687602
242,68.9556080246839
404,136.37565369048647
216,-135.88147368805193
441,-133.01921327857428
354,-27.047730895370126
90,-93.90838784137864
310,42.34295131878619
222,150.1681535795491
308,-1.8885642973495043
296,-141.14583281429756
135,101.27761835084976
352,-132.44870536119222
253,88.84191725954646
236,163.34027681573804
209,5.613977047638998
326,-36.17198114148992
108,44.533849618387634
251,-25.293013082648848
95,115.93671884809561
280,-49.309528083909804
312,-115.70417587303282
280,52.44517547844289
137,133.35430217750718
384,37.19641184655292
156,-4.5089547992388495
294,-8.337156986952461
341,116.41113727847667
288,-141.00519193885296
265,54.618886985936854
176,-162.58955532863496
324,-110.06353052848087
166,-9.043830370731818
95,38.35904580157728
360,40.95176964829879
329,61.41193589501934
92,-47.778176991274435
206,-87.40041162925883
228,35.684840746698235
210,-22.25856640397622
321,81.65702930851229
312,-134.5850840615545
268,68.20696806372575
211,-143.74905450330274
169,22.920693303326416
268,175.84688240316748
286,39.469296592472126
335,-175.9162081374168
194,178.4896131462242
256,-129.85722543330758
199,-28.789649817302923
255,-129.0512875387267
324,-35.214733139433015
231,-174.68633173144863
278,-16.65278494309658
286,-159.58739786787203
214,-138.3917200979472
234,159.82046756810084
194,77.62901103782276
441,-137.45962282818763
422,-138.7780902420062
349,131.6985059901903
226,162.43650063015053
185,-19.262905730455277
178,-89.14305533423408
258,-37.972125069212765
253,-126.64511055563837
2,116.56505117707799
210,98.09898310425048
309,120.29825224612071
203,-155.0053121098395
191,-124.5714849355683
280,-172.07253094152946
429,129.60236882736604
301,-46.637092094138694
340,-32.5130597205247
38,-136.52615229534976
261,-92.6701314112632
153,-148.3737444648996
422,51.7997507885228
237,63.68191152988295
270,18.16330873676913
329,61.72652197712202
308,-162.83102901386638
149,63.40414411375681
151,162.32057313042637
231,62.560700663006266
348,37.39716991589716
208,-160.80434871499668
156,-90.60050577586972
391,-53.390019507572056
242,-37.76475439076547
244,-35.8450626091618
376,122.76893189874788
448,-134.559875125634
186,77.363174488981
344,-57.3258899286955
266,176.2235365458295
430,50.65345064496682
130,-102.093589062659
101,61.71367824193543
351,-30.460899437591728
268,-8.784299913308809
344,27.35488731402382
163,101.2533707451236
274,-169.10888666434187
283,-117.874765479134
193,116.25230993487337
100,11.83096084246967
324,86.3063454265669
300,173.0475187862273
351,-159.86785334215978
254,131.83727792311066
394,49.622794683685775
404,-131.42492283416968
356,-160.3178630165116
356,39.68489640537968
385,33.56483035995647
281,-95.85817365880976
370,-51.851807987781164
225,-129.70227613790607
251,68.47019782926124
240,179.41819683254758
105,62.08780336834524
207,-20.653849740223112
173,-154.5763496280122
382,-49.11431974603923
276,-57.28216872863522
61,129.9810764612374
342,27.69878622637725
179,93.15613988311586
180,148.38353914222213
286,-87.73806382736925
331,35.29142886986023
228,133.58144355818334
386,36.0758334847751
294,38.860720291158025
312,153.85755795596623
211,-162.11811136831193
188,63.65109301690049
218,93.89549411481995
321,110.6959745287559
234,-178.42698472487217
251,23.924408434602633
198,-81.14540977613575
189,-93.99335660899106
253,-177.3125359024951
6,135.0
380,-46.03327041868116
192,18.10750391081056
303,-25.640138486344078
238,-71.05680559750044
274,-30.35602958652328
260,54.95348471929807
284,11.221821187925189
68,58.24747668188461
235,-98.31000592381477
438,-131.09907833099024
340,26.226702929263613
254,18.233251822941117
291,-45.823408766960604
205,-153.75121338979918
333,-49.20800925133685
280,69.33197751397259
360,-26.05936295751326
136,-35.88112607963776
144,97.87091744155589
257,-34.74947247676994
252,-126.76032412583726
181,150.99546259701265
329,-66.95946340185895
366,-30.081260982520355
241,171.1096613456442
377,-48.02024490532899
429,-139.61289738143802
162,79.11719725935149
366,-32.08672360588113
188,-68.2636293773747
178,-89.54749517139022
291,-79.00881533796901
287,114.10747084903846
324,-67.05416722295443
337,-32.48383930297584
121,24.395874224067427
329,-47.7244690845908
363,-25.828939293765927
286,-19.34340265083441
242,-143.1395455174391
252,17.998768274105533
119,-133.166612841701
215,-96.70878172949436
202,31.04219316987339
212,98.12267131743717
255,-128.4669542050535
316,-21.232088230791636
251,23.85426030808066
306,-153.81613621875738
454,44.36136497466765
22,173.2306115620258
95,30.0062197804589
272,-79.01504740821768
73,12.303229515309473
296,-127.90657061952336
308,-153.52661754620038
107,-116.50177579493507
303,-142.13063974099964
195,-49.1029273220538
322,-35.767456192795024
203,77.04072322063776
338,-64.59019943443927
22,60.668968371862526
304,-105.09207941091789
260,-103.28270262691856
131,64.7918028600026
370,38.115015263084985
137,75.6651993230903
259,16.569451585013695
326,-35.29041657985953
347,-113.29651424929288
269,54.34188221513188
311,18.83051747998266
235,36.154871502706875
254,-60.16376277076345
287,154.68527520951633
263,50.347125118432594
140,-74.76057205807966
105,-118.02903586354056
187,-0.9730766829017122
325,176.10765321651544
217,-94.44494734223991
290,128.87870919367498
309,-153.79614317641563
194,-79.58242463103521
248,165.2025041454219
281,-47.38407178458844
363,120.81423287533211
283,139.25320286472808
270,-88.80745307579764
266,-122.34638774828723
227,-118.96354139145015
285,126.63680116937121
264,175.8032196908738
325,-72.84141436311975
188,-133.58454393502956
98,62.41587219268589
280,-93.64091267592147
200,78.91382871710577
193,8.961577631606339
248,-127.75968472708121
352,132.50055627182022
282,20.167420341777067
368,-37.21716326154381
237,88.14526896051049
318,-67.40745596105269
244,-160.05307080069966
357,70.75340837241457
297,-8.864893197511956
269,175.329978197172
323,86.0686386226242
300,125.08565137346909
340,-65.38768854746664
195,24.93346140696242
111,123.64094916151365
286,128.1433061060784
274,125.57762291771064
138,-36.07968562533937
363,-132.5522410698987
226,44.715630670170086
212,15.705112343493845
103,45.31490081350727
292,-117.73750585488895
98,115.3081549342911
5,-101.30993247402021
343,127.25274156908763
357,121.70894779816457
242,75.76445938503323
344,-18.523156071937212
325,-49.65674382994294
350,-106.41417641213702
243,-38.00577757136718
93,38.964609872824816
303,61.116983469963564
315,-79.1828031917744
387,35.69448021993858
90,-48.99146516820257
29,-92.93529985170841
318,-131.2674145861967
348,-26.334945716875417
183,178.71932691571502
181,-3.14002599869947
257,-34.941454634018314
284,140.29438828377263
230,-128.79161232385655
94,-109.27757124294688
271,-144.02781460721894
244,141.4673037536956
100,-111.48650709495406
307,-1.6180458931891861
135,171.99688234356276
387,39.45828699908738
333,-66.17440607510473
182,146.86587372961813
236,-87.74216983303228
278,-50.12806950889991
83,-137.31160092842774
358,-25.946153462099353
198,77.638079568202
96,46.129444748116015
205,-101.18240308616282
307,-123.3729995829312
386,33.013309437595446
188,-67.91475383099129
288,156.22530220890286
248,86.31373141852217
252,-91.62610590897417
226,-8.996994268900101
384,34.02824426390102
315,-121.28155288229428
270,-169.426902667083
231,166.9120872497427
372,-29.680417900386548
283,127.20674175072438
369,38.56350854677856
134,173.69472289935408
143,-14.455882753618301
305,-73.1520589273468
160,-175.3306798760434
165,91.1987793743325
286,158.18177845372622
390,38.740151066882596
330,86.20696110556158
325,-35.834782864937786
324,-39.26495285045629
133,0.7272487080101668
221,96.95841794579901
301,-20.12132269689692
362,120.68893760436765
214,-22.40747683979412
203,-21.3644639409275
224,96.93577565215904
225,168.1494670449939
180,-149.3887914264556
398,-39.97815032843291
305,-140.57424513504097
115,3.6839561932904554
134,69.2429581164841
343,-59.31468686090743
210,159.46018555706007
201,-155.94671572125804
98,49.13772936304458
60,-145.59231857351384
244,74.15116511303015
315,-159.23506342914422
302,36.08992437050893
269,-119.5748201508564
132,76.52468191477008
273,54.824060261250864
247,18.8698981024004
253,51.76161055079742
211,99.068807826342
258,74.39417635732948
119,30.280394867678236
32,-116.81954897420913
178,-67.8425245600677
323,135.71347492451494
184,-1.380542414264477
97,32.46103225264131
305,-61.19502174701312
260,49.276029647935935
344,137.31781669331582
329,-92.5649894640606
178,-159.06040178648823
93,31.633206692423517
292,42.364245818644505
167,-143.98918045764967
97,31.648022379822528
379,37.48584555615548
129,109.18720751036768
352,-69.58335120577603
307,-151.16875174674155
240,-45.370171565837545
260,63.401516722783036
231,-64.77268194517491
258,-39.38185745546878
321,20.250537916779706
249,67.79460063208302
94,54.11276263310052
270,-89.2606284661112
372,-140.17650222984673
129,-98.86275733058842
311,40.90461650968289
331,-49.20087179693079
330,112.41632226783899
199,-102.2284651161723
276,39.246435635433315
406,-48.93644441792554
387,46.27675610239318
310,-174.15646158028602
105,45.35810690686611
336,-91.08623491564998
127,74.69430826645258
252,54.69558233142388
329,32.90652472721838
208,156.66147505992043
312,173.30346682987488
327,-63.59779285778891
281,-93.1630046321869
131,167.4976172569747
197,79.58025385670517
111,10.22426453743493
168,64.5881234185305
277,169.15286281545355
93,38.72609653918941
244,-70.96774689305661
350,-158.74586641824962
37,-127.40362259553197
262,69.09305229101247
200,-80.07933645923512
237,-40.44843141221122
295,-26.592768303506148
329,68.72928282159813
283,127.9647593539572
320,-66.06243749652312
238,163.76318165315703
92,39.71532519164247
63,137.80647732045972
260,165.52372516444078
154,-4.027822757762593
329,-34.59788793733737
287,-143.38957449873496
373,-29.715097900353083
188,24.972674421123408
84,-172.03901339989864
267,135.30214371842538
329,90.74972652034602
242,-159.68941883631683
163,91.06681741129508
281,22.207567346127245
197,15.93098448120537
136,-103.39357966496709
387,32.87837456079488
126,66.05508727643719
385,34.45124555050474
166,27.480977834766158
372,37.877527079560615
267,-169.80402888097993
282,-144.28708132092453
311,139.1395001645578
142,-100.82801862804199
383,-46.14086909491053
295,-26.96691781828835
198,179.5707947419156
313,-143.22843783554472
355,-35.3286422484015
256,129.5593272741269
169,-50.39538229603519
347,135.87883948366337
297,-105.52745652859741
338,163.34580654393406
289,-97.2358285687654
367,-28.477119158944774
312,-107.71087688933946
454,43.31768698084303
166,28.936631560144736
227,61.664696772102154
267,53.955134334372076
335,-32.07269022878822
306,113.7255110742421
361,-54.62844808638495
364,-130.69243131220531
271,14.149802652768491
292,93.57333884120598
138,62.80012928006384
33,-155.83943414256612
176,27.85559969878558
229,-15.60840522852789
223,166.2384976613059
331,98.00085262168244
201,168.44304349165066
127,68.05072250637012
144,-10.623297406146724
221,-22.818645927421805
331,68.62052198662356
433,44.749981530477456
197,-156.50116443744167
226,-85.33159810178036
300,-56.887354158190014
111,-121.84159878630314
207,-84.30112188321765
286,-97.3163196266617
254,-92.17548926736121
263,-42.45309635234333
338,54.777215977285884
266,-30.884676103901374
226,-118.75048765488235
226,100.170660360554
270,53.84875115544068
278,-117.24730679174061
457,44.07831533330057
425,-39.830507664113796
250,-128.50559683033393
313,-70.68735770770701
253,-128.18479668000174
265,53.72559559371495
305,-57.10183856426321
309,-136.52985527740321
238,95.65057803852868
128,69.93508265444305
254,68.3535204591591
458,133.88554869845294
342,127.12719509081735
211,-161.35359542823014
312,-132.50091356246966
256,-34.725025908032734
339,35.973698422556055
257,-96.21594756736121
316,-67.39758555323017
402,133.30542964457905
62,136.58770377876874
296,128.13818610473257
303,155.8639549285589
298,-17.840394821609397
258,69.23023985395513
374,-46.55038769574227
354,-26.30103048857694
291,-46.060647824489735
174,149.92410528682007
323,-131.89200176478295
102,-38.80803470624184
359,119.3833120191942
276,-172.4025506318884
258,-38.24199101161107
187,-87.60474445427417
331,-20.01321256467263
92,36.604236917335605
318,92.26363954660447
215,-32.40271483176856
250,55.25781466264406
315,117.31059603982042
288,128.0445321200777
350,120.58994128227869
177,-124.55826535577361
159,-10.649246546109623
312,132.82934600317202
199,79.57261247772003
190,-157.48666097658625
329,-157.86261335851032
74,-23.183464818540646
198,62.36083075379833
104,44.625538086489236
267,-28.497461435192566
262,-61.632781593900894
329,93.0343864056699
360,-23.35001077787173
133,-178.25611112652172
280,80.3465104302084
117,23.132928184623267
306,-36.831329027628
344,106.07027477473373
179,-63.70365009072214
394,-56.36939946789275
227,-85.41470980115386
189,-155.4081701135832
369,-30.272616300459784
313,97.2080075521736
302,-104.49013909857173
131,71.85787026294601
302,-55.03441448139433
332,-163.22512806935256
260,69.55265981888788
210,-153.73590070655712
253,55.18041268220091
208,-106.38241579126209
322,-34.36829760728588
148,90.24926432690502
196,-155.74851037607021
373,-129.90275579471322
386,34.47196447932312
117,27.569422190045163
132,78.87971137407466
280,-15.41425263140283
267,-98.61920414432002
217,-28.178499578601865
324,-106.62636782299256
187,-161.39501239250467
275,-117.22811368817842
315,110.04822590950504
281,3.387955025469554
358,-132.52992046738592
239,164.70104864514093
112,137.45043999442711
285,141.56115838226154
365,-131.729667786367
368,38.65942843541513
170,168.88247104487797
244,164.40414773470803
172,101.62497252345061
108,-115.87389274762234
263,135.7793194487026
154,89.94372866475788
266,134.77538729704486
196,-98.74816069053517
342,-32.516075314949404
416,47.144891095590935
349,-29.960664944640037
276,125.75662857511625
100,113.74992605231229
328,-39.35025171209004
218,98.29070279186632
220,165.00666294029182
376,121.50613640141599
44,86.65275198536544
117,-91.19305889074366
223,-99.73325764321535
424,-51.098260838672154
122,38.79683738447415
284,25.998743801136904
257,129.73642734292793
342,69.26893252899633
461,133.76803091521745
259,-19.716872662217458
209,151.01056376524804
291,-118.36460116687486
250,-96.4186837198304
219,167.91193968837766
157,-10.728837347729886
284,87.17949158976228
405,-131.30491737084427
285,140.2190028702458
157,-103.40870201101589
417,-130.43716947979996
250,68.50505816847613
234,-38.243219005161365
223,-34.139384125066435
230,-132.00043275972232
298,-61.37612705223162
98,115.88483222052855
107,150.82561909681627
305,-152.52267699439108
289,89.24142657379187
307,156.7417370047335
139,150.44258775119272
171,22.58753909186106
374,-132.81741576981975
192,-159.10572831332863
274,139.30794869083041
280,-132.82161803834148
350,-158.7284206819965
253,-25.535195084478506
185,76.61025230235391
337,-65.48051666845777
241,-152.50306019721458
279,-15.578198866323632
347,-160.28505893666895
326,68.59731854517403
298,45.834738980068906
164,-8.104778065744595
173,-154.97214146774837
249,68.56949146063279
207,151.2176632473453
264,69.86620143335759
21,110.80455146384213
257,32.81710839140567
216,98.28057166126509
297,-27.159670672568417
197,-156.13986992038338
214,104.23091187240217
272,53.70798545932032
189,-3.716352326887357
149,27.59467111386434
174,56.37641455685943
302,-153.35348528466722
307,-126.89273329118589
250,-124.96424542385897
361,-24.180690972187296
231,164.87244572368502
382,33.54033583008507
84,-126.06155922110659
236,164.08427521902306
353,-160.80346869347733
263,-164.2242033948143
323,85.36169045243618
247,69.12233306743403
310,42.575929372648616
334,-175.7068619765306
252,-126.96979713166351
219,99.3883725336967
247,129.25805436884175
269,174.46544282294522
177,-156.76341528097163
135,2.112851561447008
279,21.450574263029004
198,-84.95019145005475
384,122.05871540619184
246,71.79909699556634
275,54.902120061083735
234,-97.66027990188127
261,34.75411895135456
241,-142.58083653886948
249,-70.0916644840109
49,-27.661005786233762
211,-101.25221308494754
254,131.5119956695191
285,142.1651633672666
247,139.89502908636769
275,126.15572898208549
357,-131.53015025285882
140,94.08069052560778
60,132.7578873218765
305,-17.561496294238005
69,-119.02210391183067
171,29.087529700087817
136,3.228822757259123
369,-32.17920275900536
390,48.355578753529855
67,-112.08527577937572
264,17.538729100987133
347,120.89163878518876
64,139.00868939006307
253,164.37614474728562
185,76.8966936404235
299,-61.67980866282276
218,-65.6587619037389
101,-24.536605529090256
187,108.62333613323716
312,-121.1749602761542
365,-132.16322734741993
210,97.76217405185744
322,51.887925758269546
240,-88.86322560237736
267,11.00886307107952
382,35.846766286183964
255,128.51166761669938
302,162.52704816903542
363,-135.51032376763325
342,136.435676782535
272,-1.4727854767890365
335,-132.92370001837125
301,-108.59971701538086
125,-126.67593425501867
320,-131.8239407384439
206,-159.03705818268412
316,172.66648220778742
333,-109.57209566075501
203,-107.21734565766442
162,-6.459134784744531
151,60.01775715308663
176,-162.82354352930352
275,138.9683266509791
319,-78.3115419683921
326,-130.92031050090753
264,-152.30152213319747
58,132.38647430084268
333,38.48553768328903
158,-51.13426469853068
273,-49.0884312898466
292,102.63179040310725
242,-160.9660122446643
265,18.30634730628104
355,-133.29197905308246
66,-138.03891268766216
236,-177.36903012102647
129,73.90881588827
247,68.98674692160138
255,-120.33251240391176
365,120.41873500702728
219,-65.3419897674728
89,-161.8748493831311
180,105.28051185028781
257,-96.70554958015086
367,123.0996532554283
242,69.15452302368604
74,-86.24293315621155
383,36.815340421543596
188,-2.748408153116821
186,-134.0421284172692
325,-32.03239248380272
124,74.20608457487866
316,139.44548979393045
302,-65.25828997457138
345,37.32281822649196
288,-117.47088324063266
276,160.53144923397548
136,-103.76151901803331
356,-134.8434275255904
171,32.23111008162424
335,-32.89415753031881
197,-133.08848604672164
250,16.294104184203192
329,-132.30451381930368
258,68.87675557475866
329,-34.37700661623907
355,39.34407409526091
154,168.0830134967974
363,34.23263065870009
237,53.04838629652509
341,-32.46762092256375
343,-165.77643069525894
255,-129.95084774596364
184,-148.58926555512048
354,-51.60896866503755
173,48.37196971766165
93,115.52838114969555
204,5.760018924983856
327,-34.64918503678925
172,-163.95940254497643
282,-161.94494960546234
51,-91.44948011433216
251,-120.84161667248007
327,-105.38015010716589
283,140.82681502570614
385,34.55719380617123
30,100.83969653831265
456,-130.8449242738205
107,73.45712203439939
393,-56.61500034039041
293,-26.884022610866428
292,147.5576499828203
348,135.63640984104578
214,50.09476990080733
230,34.19210434371227
273,-169.7023449820713
353,-26.88812418184151
222,164.27290253280813
252,154.60088845195682
167,-6.720944711817243
190,9.432472533324724
86,-125.19519198654706
132,75.20332969239921
342,-16.016207525367996
361,-149.9208869199197
263,148.92790669209913
223,65.61631862142816
135,154.51482772904788
230,-128.57123674451628
110,6.638619154101841
260,17.23475503445621
268,135.9599531982801
314,109.98551612484363
203,-125.63227773676
270,-50.168659722563895
376,-138.9894935284821
180,-47.58505588481564
154,-0.44557385415052275
95,32.361772735896686
316,-79.20801669723534
291,88.88232801987816
291,137.83847224898705
275,-172.1161855360872
100,12.778252826071432
247,-88.61005174779181
227,44.21061458297682
268,-30.39202279482687
318,-101.25887900885206
193,-158.2694354543023
270,69.21628497480411
173,-12.91922987949061
420,-49.4207617726164
360,-28.132756597270244
126,63.08406237725971
334,-142.67727598519673
177,-148.63623653622756
349,-118.99457519874589
246,-88.8854850535467
167,-6.986806610560343
319,-143.02487914718762
280,139.3629351763629
194,154.9194099100883
197,-99.47831347582915
102,-111.41963811603821
377,-138.91041944033537
163,58.6753346724855
32,113.86990164859708
266,53.822241856649484
220,164.3318566326108
218,98.15756821829322
171,58.21628255109033
275,55.043774384800926
174,39.03481036545612
255,68.38951920871438
183,-68.35220971170068
306,-128.07266774363245
259,69.07304002914742
307,-123.12404974296628
214,-90.88960552455059
285,39.42815998476008
259,-37.598688638605935
335,72.885983169328
130,64.60147391270641
333,-65.84977098292143
237,163.52407776632714
334,58.07281315954355
303,-154.10889948691826
378,39.280633341094024
227,166.88997196596046
95,39.383563786594635
430,-44.22244193557025
373,-123.80557944501444
105,149.71293208441236
334,63.04563737692598
326,-32.15711289735352
167,84.09596661077902
183,-147.469594017099
185,-87.96075590734354
22,15.708777217826375
312,120.24518477239499
202,-17.023844724311825
214,-21.413836842746058
226,-130.1183679286611
300,-130.9256904868202
295,-8.526929668781234
148,-109.45433799526096
236,63.826425734845806
364,155.84396786442952
455,-131.14033256279762
52,-78.77824445141894
60,-9.3557662824988
295,9.795280263940143
208,-17.726357946985114
282,-172.4041185977065
213,-115.81575596577014
396,53.50581672783036
232,158.30541846964616
245,67.55787713908356
147,81.94879956682867
221,91.88584670192641
212,-91.74196308152106
285,-97.01262171830521
302,-151.23026481535095
43,-27.30047294583632
259,-138.12794048193206
228,82.17276380780132
359,-134.2125648685904
275,15.022271567897098
381,-32.99774542385081
237,-1.857996690822182
232,-178.53080812050462
261,51.984191775027156
257,69.44884970825132
252,-128.78872674239147
306,161.23631268411233
383,-119.19532181869702
324,-66.50436773576388
154,21.925390465405968
29,-127.6674951557806
227,-108.50483607172778
193,9.602160629447395
386,122.86505511043639
224,-98.85104865158077
244,140.2199578472908
311,139.1518944111206
231,-107.7950921684155
334,-132.8168002110031
416,-143.31607079319625
383,-119.36635803856889
333,168.17206654034447
304,-151.0969782526954
356,-25.66410096521904
342,-13.230284726327715
98,-112.44153240332307
252,-28.91887584234825
258,69.26385680863982
348,121.33191775315889
336,-66.4518265072429
259,163.98174983443604
317,-70.42853509744971
320,110.70993256271895
235,34.71799011644983
249,85.99492728985079
454,-131.8495227612411
127,57.78185160338319
228,-16.569694528321516
41,-26.68453185205521
170,27.08564151655372
301,-36.51357743762582
400,48.71647011268497
339,97.85276945652745
175,-152.1607862645154
398,123.70684700486773
326,35.27532638117929
330,-65.51521494529517
241,-143.15989823292418
194,116.83053697551718
286,52.295747845554395
339,163.3968089682413
334,34.5382324303052
224,-126.44806765923437
389,-147.65534950520154
263,-152.19532490939812
370,38.438328753195464
322,-35.32884998466438
210,-162.28814777658218
87,160.42461400474392
202,-100.46330509268026
307,-8.031477712070046
119,-74.44756506274534
228,-17.5013086849761
254,18.07151798726624
311,-47.02332824503157
125,65.43787605168477
420,-50.87275620568783
306,-176.72981182354837
303,-140.31117732078272
229,166.02976467107436
253,69.01763039054153
229,-84.666989958692
287,-97.0186475366953
353,-35.26241096533515
360,39.98571954197454
138,67.66984925370444
254,-127.29270535126398
250,-127.63910798462524
150,88.65207516961885
387,-126.57888690704345
229,-15.062135333169852
384,33.92642955288715
346,37.447448116100176
271,157.15447244291826
245,-69.33472867319031
193,-4.417951394224491
138,-82.15805251827456
347,135.79320521696005
151,91.80244289160866
266,68.52212547479199
306,95.55959969864912
111,58.2165544893669
240,165.01300981607787
186,-87.29495548048101
354,-160.7391483039741
310,8.557265787764207
296,43.93658591596952
259,-137.83581145288466
324,-34.288573983834695
337,-32.27845856872736
370,-143.34913877255428
329,-35.957675116690424
96,-46.160285670917595
359,-134.5501710481162
250,-127.7818779677641
260,50.175156599481
265,-153.0181254420149
325,-35.220629943873455
339,63.00967460460111
237,-40.25036528150839
369,-132.37220748566855
183,76.95673413825455
86,-92.0299827451512
195,21.70422517557413
302,43.916754684720466
311,152.67041004175474
367,-133.1867009239263
261,-42.83277585228348
147,164.50118173926728
385,-140.18986800138177
254,-130.5083151041755
29,-139.65568197245813
209,-152.96419196091378
227,165.37575300645037
213,-46.20636508696191
261,-94.44568026622969
319,37.05367846880958
351,133.00245151506314
204,31.234167967051917
316,97.00437844466344
142,-78.06738478005775
232,-178.37936864607374
202,18.576063588329816
217,-136.05569391147998
153,-3.368577902968922
386,-33.38638522216055
381,34.33395362336857
250,-127.65325298976916
343,38.921581922938614
373,-131.8326603512692
385,-126.95017478805363
315,-130.00065930457419
283,128.37427965377802
426,-39.83797238553099
319,-38.450329969877664
269,169.02460824997908
128,82.27005046592303
264,19.122368624581053
314,-13.648975929300507
298,105.09004179572719
293,114.81067553944048
322,81.75864330373176
117,47.98704200327564
353,-106.40529980707007
222,-100.23045560094339
305,-98.3306617505736
224,163.30413632058034
174,164.95883496608687
294,-118.20739405439572
287,9.864472147890162
251,87.06056289727198
274,52.37651641077242
443,134.70461128605407
364,-29.981988925632763
241,-88.54624841501705
264,165.11182342329798
245,88.38971398038267
385,121.79998654679758
202,54.440873879438975
236,-38.58185998107528
390,38.78790534651617
107,-114.9499952697502
194,-143.16081855236692
143,49.851870846326804
417,-130.66769376401754
337,-65.38378431002366
327,-29.0101234880588
281,-94.3667610134799
256,119.79958857104583
323,-66.3986850701233
182,-147.01919463577258
99,-120.89851169152672
234,-0.5934895713765649
440,134.5311632995148
360,-27.941039921648468
309,-14.85106427072566
240,-163.4613677626746
181,-0.4516445239279292
121,30.251878481216387
243,-87.57323100320686
136,100.83037002535308
325,-67.05559303618921
251,86.53375172731687
420,138.5547743090713
269,-2.579998187930519
334,34.49655410869373
363,34.45281059905305
355,33.11074533189755
142,-100.4958622549176
243,-90.89580588637205
175,27.142201966670065
57,-84.24122769595215
419,131.45856566966162
221,-22.650225572480196
236,-141.62632914078708
274,67.22848464183245
252,86.46799587605275
330,-49.43980128900262
344,27.939314685983046
351,-158.7633120925143
251,18.060220215166677
334,-35.081928518287114
234,33.83710214860692
224,-116.91629325028791
321,-68.25759800425966
312,138.9351541878809
185,78.96968560469377
373,37.453031032242556
327,-34.29190363294935
294,127.28990975822245
261,69.64575364985369
359,121.48490557895721
342,34.43758686187876
123,80.2885897098654
158,40.65421641205825
303,-154.20383198464495
355,40.57238585257767
251,127.98850930727112
342,119.87708751968053
343,-27.215102020407997
237,-60.15671881680893
346,120.97133825952996
339,-67.73597340458952
264,67.92312368895779
204,-153.1943899933183
320,-131.74730373378654
130,-2.153017534082953
229,-130.79635022148184
393,-123.09659655624583
250,85.46450576208765
349,-115.24799456209054
427,-41.43029987964719
355,-26.470796684222183
285,158.26589089098792
180,-58.05660088294987
287,89.51249554498091
346,121.28935724550813
234,-177.84927936024923
264,165.03690985207925
149,61.59901355744415
221,163.03796053067504
200,-81.0122010129429
300,97.83573647799545
312,-58.94934210698563
261,135.66057532822552
261,-91.63538572553448
140,-5.594011874949373
198,-79.72722601182105
360,-155.96133401696872
314,139.022106236471
252,-59.99021118095928
163,-5.3923530069685635
294,43.47296642547176
123,-123.74180062323222
131,-97.68780375368503
244,-140.26811058079977
123,158.08232919794173
294,10.040757500223211
251,-126.94846637832534
203,-17.245193485508636
172,119.65862788111389
246,-140.2326836104815
378,-56.34824951602938
300,-98.73508242508323
172,24.16311007545171
399,-140.3500091116012
280,-139.57618631429548
275,177.2096766990989
311,-70.55388784278695
255,163.82029825773378
237,-87.86184333144811
122,-128.61723638256584
300,-76.07882843772543
266,54.75533373164265
317,38.38467266703679
261,-174.0945571812269
260,-32.376563327669366
374,120.7680074064881
292,93.63947155260209
370,-132.2476089873963
177,-164.34344400490582
275,146.28378541610633
274,125.67998655158462
264,176.14121972471852
315,-38.94979958541819
95,28.982960761211633
357,40.160338367788356
255,-33.91751428975232
357,-134.6857457306989
266,-154.0744793161271
114,142.76346747993904
207,-177.22462367483686
326,-35.01828841598547
289,-16.726235494041415
331,-136.20219628578627
304,-174.82929568445323
323,-66.79513165904308
341,-167.14683469644706
370,-29.984781371000977
368,-131.15617714360954
390,-126.03380514038457
133,-110.46321524509379
265,175.30863327061402
311,-52.34562552632872
333,-142.80683119719637
367,121.18083501605824
257,87.67715524048634
35,-31.5597072529825
322,-66.82040525135726
191,63.43087630600796
354,-132.6222915100728
80,-129.4389953038066
311,-143.46035767600654
291,-16.54879039009608
336,-34.762811218302076
391,37.38943501429237
121,26.297935863268535
331,3.4746501594671484
289,141.92576254992522
335,61.52973013355673
229,166.0912947533031
231,-41.27912368162072
232,-148.0980981898878
298,-69.39753005662422
458,43.85141550773628
255,-23.07463718121037
269,176.5711228731212
186,77.83385846167702
177,-12.616129046650068
374,-29.648802576552395
197,24.418030294098013
228,112.26384702338794
383,34.04442380599822
358,40.96028234822894
125,-104.55384241794113
210,-24.601516192037494
96,38.894495867881744
297,-17.467229117421585
351,47.42431433605838
298,-8.7213967547278
141,-84.48902455186054
328,-131.55165078101123
202,77.64425192914423
180,-3.373619817605576
155,-8.07184937012723
331,146.1108856950552
372,37.40013891699821
314,-13.203524069622082
349,123.35416750149314
176,-148.27863267301572
205,-158.96784430405017
300,53.34257392227375
270,174.94466037411794
347,-118.65922493790467
254,-125.73034252017177
341,35.557633816286256
367,122.86014106391362
347,-26.170443040476748
159,-97.40792608220966
314,5.48220888529887
129,79.27470090905254
388,-126.64960523620033
327,-35.849383997470724
328,-46.631789228311135
316,-35.01112240716083
280,-93.27547557592546
318,59.74125091788597
180,147.16768117364998
261,69.1065065311254
303,174.61143025013962
225,167.34005170439082
224,-97.8552375102118
274,-92.81769993545232
273,36.24688453504337
193,95.465537961126
260,64.44021337895326
314,120.05701000956287
276,9.812304384823936
130,77.6008885711611
375,131.81698431783013
38,-123.08504319500423
246,-141.0569024982492
128,74.74264209776761
248,-57.79605759419752
289,157.38687526705036
331,42.58050462846685
253,-48.03302905424762
297,37.43454204965812
304,-56.94607310129451
208,56.5391684719624
267,51.1122991953947
420,131.2227885050776
267,-29.62432502172402
131,-127.10787519747362
100,-115.86595145208913
192,156.40457788431553
317,-6.954578348258172
331,-46.60207391688611
260,68.75271183969564
301,-46.27311755815799
230,-15.061440410037372
360,117.87913050569203
89,-20.490692309463284
383,-40.55156671603074
259,149.63481561225603
272,-169.00751230317047
300,-93.47772102530071
210,95.78946975289965
41,-54.37941516045644
214,16.2404787541324
127,83.23586444500063
219,4.578647983169909
257,17.795236402837592
254,-127.53024749520655
64,66.06762524430154
323,85.65760652678404
232,33.50165987841785
271,52.99189044083186
242,-86.85856117138297
330,8.507749328678585
362,-23.437930301776607
300,145.39517442122752
96,35.86362321779333
291,128.44100347430526
306,156.97688639664108
338,61.2219117826303
299,113.67745179181516
261,12.969137660851025
354,-140.7431219786333
327,-49.240696819276145
413,-49.269950371672756
265,19.943849629699354
355,-131.60966869998518
207,51.118728082979295
342,-16.01304884866189
350,-114.21055898626949
331,-48.75447265075718
169,-71.45543129292129
262,148.8428563583116
285,-123.10786364160485
307,-73.28520587264886
337,-65.10509263357116
311,-123.35597764615981
346,136.53697299263564
326,-138.80800760571722
263,135.74202480308404
92,40.4067051941217
193,18.478238577445136
437,-131.7405308395504
188,154.4602471203462
168,28.290259379346143
132,76.53439377345555
330,86.50132656485479
23,16.02761968548289
256,13.829959549318582
352,-56.39949147624589
289,141.8763791209045
340,-137.2749433791166
67,-92.59568179595023
207,-162.61655656740083
285,140.19316472718353
250,16.074323268606523
287,-87.27954130884747
384,34.57764491330771
260,0.45502752940678565
293,-26.260765560712745
259,19.31709457177926
212,-46.8713559269688
120,28.504895406710546
194,-80.90333629765713
273,-2.541255313909977
175,41.337221167102776
267,175.244718188707
157,-103.0719676273913
294,38.477607171649886
311,-121.43973509264103
361,-25.299067778674956
188,-2.906226242138278
256,-96.13062938076182
227,-93.02650144146399
105,12.32776223237745
277,-171.0858019437475
199,24.822580167077685
212,98.90581742413988
275,139.11365588375648
376,130.21861922041734
358,-57.64296173631979
273,52.98211976491729
324,-39.37716605745589
328,47.67180522680534
322,86.09492102005694
364,-25.529806074842945
272,-72.25529354075543
225,-130.178499481409
285,140.3571549048578
124,38.246539408758366
217,-168.23183438185174
171,-105.99428071634198
261,68.28009850604272
236,-177.3164556098306
190,-70.41947836291504
324,-63.779746196655374
363,-132.20786915040387
258,-176.01478766280354
150,61.721501878976106
214,94.78931062462134
399,38.489299725062835
276,30.745310357095786
193,59.42278262065049
292,-44.68974581896844
283,128.07361540958232
281,-142.41680147084844
185,-68.26007592272703
247,91.29562898750049
267,-9.188925885450228
165,29.65618887837185
307,-173.42356163115593
245,-140.90092841143976
275,157.8390316418877
135,173.49895319672484
31,116.69188789170704
296,38.580962043110205
221,174.57429501098736
254,-47.924906559525105
284,127.14234571259972
359,24.60228721236755
309,96.75904006741462
269,-30.051666204429615
438,-132.96815058611656
353,56.01992168976959
299,-141.7578841457523
303,95.93702796651587
96,35.28389964446137
120,24.10833921203458
177,-112.229583409314
285,129.30531204403525
358,-35.010803885690834
286,39.49572503001013
316,-79.12331273459016
209,5.193145917031422
388,48.137969163282186
256,67.67617884965568
376,-139.50689898062964
306,129.5611865776546
234,164.19080033857787
385,39.61076785985717
248,69.26370890687933
271,-131.87062763323092
100,-80.54961847571407
386,51.61494872648245
365,122.29895590821732
222,-131.42703721075938
132,55.076090818409966
243,72.88846825279884
221,-98.66985438384091
347,123.37423416773137
329,-19.612039998833954
128,68.7901368918765
375,-130.99510493804897
94,45.72630011548258
98,46.87121476629141
264,69.9644084387541
272,-93.9926036527667
334,-38.20883794609714
239,-68.73498242535295
292,-44.930887235554565
199,78.84675824076044
264,-34.96971941509743
353,-26.861838986947863
177,56.69711904353206
286,127.11161533703238
379,-125.74004740338277
155,-10.643521707714076
40,-79.2732878844475
276,66.23922162126956
171,29.227436740635035
350,120.57284242305792
331,34.96120638274879
353,-160.56827377037303
353,-27.051564359257267
147,16.779573525113047
171,-164.24180571288622
244,-142.1988338098425
163,-3.854317856659658
285,-65.30940464053518
367,37.04617924012251
211,97.53576887247831
334,34.17390903833339
272,-148.96422421793514
336,-142.67695546204575
272,2.355510694765184
259,70.06901431451769
226,165.74203830815003
272,-174.58566769682346
358,-25.690805306589233
273,-88.97326502816242
328,-46.65654594518724
363,-141.68341690920855
43,-162.66334591074113
33,-144.62953394264716
244,70.5599417049575
351,-159.68196623528644
405,-137.80137420600244
359,119.31355615297691
201,31.10530126575638
255,163.22597522385965
354,-55.606429717035084
232,163.80285440506756
259,-39.03206810646587
296,-8.733378750206047
194,95.64839232809459
186,-67.96556489767553
336,-33.005009155532825
294,-28.49680667115929
359,-54.709190832568595
313,-154.3703206037914
274,-2.54941651841393
49,-18.310544172936545
295,-15.402608223592123
381,132.62182259414595
196,-21.180860085409286
313,-49.21349819992348
307,39.202338761196735
321,-66.99752861887335
179,-158.1863379365479
132,-103.72920514248072
185,-2.6377353349509285
401,-127.33490809014783
218,105.69485394094251
284,127.4469434167912
331,-10.600587174403318
243,92.7398227269171
155,25.38586174033665
209,-24.750557125600285
339,105.69530530448556
332,-9.087261544909564
309,-70.84379526310553
62,162.16048957152202
49,65.138705789558
149,-72.78468729315962
291,-93.89945648364173
302,-73.14431950736252
133,-127.58587568419884
197,-135.36262432026555
229,-106.13758240519756
82,-138.66892467067044
89,-87.07847511998027
329,34.242625246753576
363,121.20623459313987
307,-29.75846564339201
242,171.90660381824003
335,-142.28917625704864
238,-86.61252305604536
183,0.027495303365213532
212,-92.37403515538014
211,-32.638007931886435
122,90.1588194978371
324,-131.6955291344648
328,48.52492526578585
132,-103.90887476299413
175,-166.14186380067014
192,158.1408609358896
295,-26.651411422507447
329,175.04362601911484
293,-27.48260725819823
339,105.0907095788169
279,127.07072812321043
224,168.18896250260087
239,-86.87588584950629
67,-130.15552208135685
295,148.7018470731371
262,149.17982561268718
150,62.176353104281205
313,-7.066966036288783
242,75.9122735705389
128,-126.10748864098174
328,-131.20883553639845
322,-67.96228764760883
219,99.33833092587626
152,106.10826050106171
353,33.28752162689509
340,162.6561278298536
305,-174.68658680969267
129,73.98975756855359
364,-131.98348210491093
103,-112.14408677923532
344,-12.905682346902958
376,129.73774671069947
261,-35.95357563729954
134,69.26204647296967
286,-102.17091587337033
411,48.1341824171283
255,-128.87430994473814
169,160.6848350393461
350,-27.407539649970076
359,119.2908473282468
38,-25.61226848345065
306,155.43959132432494
302,-41.77147888163954
308,-42.302245632142906
234,-129.82390835119037
281,22.262728516541525
281,22.176138378365543
38,-18.025113449964408
314,-112.93656446370369
350,38.12816019177956
177,-147.57967594956708
223,96.75605204842142
35,-15.50026892654704
209,-160.98922238156177
194,-79.84765288536262
122,-124.99795062967124
119,58.036120515004235
195,-84.93781951263188
303,-141.8637158019394
255,50.3379300651964
115,-131.10271006913757
185,-88.0746657616794
331,93.67254812783662
239,-151.93608987287183
291,88.53514187350727
148,-4.231260556051411
281,-49.12945330434317
268,-93.65521136444178
219,-157.7952374215422
173,128.77965067675476
126,-124.64177286928654
130,74.41445198562111
200,-81.28160060783074
323,-132.8331837416233
357,138.75082778100048
305,-72.969711081232
25,94.49888400320845
183,-48.50992216344233
185,-70.87266387684213
378,33.37718497696792
222,-147.52583551083748
327,-65.86352410254933
295,-67.51413243042217
239,-95.8331901900286
266,134.90783252580732
353,29.90962851125487
287,87.11078322432041
108,44.3867438789491
419,-138.59579695644857
218,163.43837737001314
334,-8.796424394395434
199,-178.65965882429273
124,37.33176512153078
322,-36.20371559481968
194,-81.02782098131944
303,36.032430440963275
231,-148.04029945614985
122,33.9616668422978
417,-135.48560050598718
164,80.07216794810762
30,-125.34840543058102
332,-47.61759758346254
238,162.37318915201342
131,77.50277909422037
169,22.2155439978735
271,159.1661093327042
168,-7.509339824034372
251,-83.82194949503936
299,-55.523635620108216
435,-138.17672405536192
371,37.796007791464994
347,-115.74901816447499
261,-36.2406882045362
317,139.82794605401753
289,-58.07172074269275
225,-99.33489607816674
269,-28.60136716964309
285,145.06993703865865
254,-128.69706268899452
256,164.41969347365827
326,35.36408736650696
376,-130.88124004920365
251,19.042047059126734
372,121.65388088296889
385,-46.547770228953155
290,160.61457322871945
335,35.29127600616777
186,-4.264665798530484
116,77.66986876124501
251,88.55957993291372
316,-44.65487422806631
129,-5.138282176073002
234,-64.90690122277117
181,150.6088647347436
121,72.93950738521274
371,140.81049449950527
385,-52.02811102840105
123,62.68748951208057
289,38.18041905850242
180,148.3286871234426
255,-172.14316797889427
145,97.44516177754203
173,-159.1841463903817
328,-92.10466689157978
259,131.82787475588532
203,-156.54054116469905
164,27.220988628589737
267,175.92363481590857
173,-148.02549676700045
315,-73.48063801967486
246,61.25386755882011
364,-25.638100011296473
220,-65.32482392756052
239,53.132743990575655
276,157.7332097338515
405,129.0187674689034
305,-131.573306129837
311,128.0155280852139
128,75.68290278698352
104,-139.62863513953172
187,-161.9525313183903
379,-126.47423119907718
227,-9.6362309818376
419,135.2726558792586
130,64.9868425255101
212,-92.46905021765484
129,39.19218035713942
314,110.39923485154188
229,166.30572489368726
377,-148.74490221096946
320,-124.96530849210632
204,-33.249333506292764
356,-25.640125488012718
371,31.977263328472215
322,-35.92578993258487
188,-3.95983281106415
251,-127.88577465304078
334,-176.04731652637267
252,-124.92765309394925
290,49.9111257509422
291,-96.11351773810713
432,50.70580958812756
130,167.74388660105623
327,161.82013140892624
257,18.737910320764183
297,-109.17149630099837
273,66.96779544467063
312,21.093505490878428
265,-42.457697539020835
269,-2.648324903634222
339,-65.34379723369896
373,121.48685562775324
308,-123.35883719730091
233,163.88653977754004
366,33.01522425456558
275,-49.1518322183477
436,-40.65181714018522
254,-127.15432755009267
237,87.83679414231443
224,166.1148980203186
329,-65.22351100322166
203,-17.729302170771007
226,-8.852928764592301
415,142.91951678209094
184,136.48038094842238
232,-92.08478444914375
198,108.56053281776042
327,-36.607049053187886
220,91.75193375418215
353,-35.14915747310881
347,110.00480767739226
218,-96.15243248072912
135,71.49847717891492
240,-160.16211244925665
280,169.27614983589154
196,-133.9638114458066
352,-69.39700629683048
326,140.4189410897022
436,-132.96469361972586
285,139.25279792856156
164,73.25602503981679
202,-155.20258056643686
273,-45.38114571689006
256,-127.61512068577953
329,-66.46048723629559
180,149.95644771832625
329,-89.51924606862623
123,157.85927835664725
229,166.00482985581135
322,-66.57211909319085
307,-100.98771221944833
339,164.10347182310892
240,-86.72854051073905
266,-8.966277212893262
381,-46.27758672613845
177,-67.42668307299442
194,-158.3835534667411
247,-126.56127516348063
277,138.80607871904567
185,146.7352063303442
231,-131.88404014929495
236,-64.43083923312211
86,-133.44115025516749
211,-162.67805937785772
307,154.98437929635077
284,139.04651169036114
208,-81.90733378967954
210,-22.423531902687742
347,-40.35125947500406
336,61.2778195883557
226,163.10946044159735
327,-131.27969310439954
25,-148.99861667502904
201,53.20066074851771
257,-172.4031065859372
302,41.33194920540481
172,-164.623231654705
252,86.52275202117407
369,37.78652466839917
339,35.50991692724333
331,64.95224589600744
369,-32.04287631428089
120,-106.17942153858141
291,127.48526305362347
210,-13.920277581223266
94,117.2803431846755
200,-85.10492899774388
302,53.32246767551408
170,100.91328156716023
238,-38.51348816628255
286,141.92370926330543
122,-127.6673524501742
297,97.09561819517664
282,-50.45340511258923
143,101.84174523757338
299,97.92324803205867
270,53.57911149990154
194,-79.29155104751426
429,46.979100343613275
319,-67.8798834044626
224,-159.27536072792083
364,-31.47522163481942
105,62.78125479500434
188,-68.34554266934127
270,69.3382184014565
223,-108.30900077091668
133,171.8746546195752
351,-132.54186092539075
372,121.37977517081536
326,-35.494268571469526
320,-35.7397217749168
86,-116.03443401025592
114,-86.53920766728879
390,141.3114565373583
291,148.7526484428554
164,27.3457610517482
148,-3.7748117265330965
284,140.797890167779
388,-148.68762405444173
254,164.63643348829316
276,-146.9016986271077
356,-35.16944925694454
308,-46.79538820164542
200,-156.67570326632696
386,140.74321820217978
180,-148.88169375930784
231,33.374722438802536
200,-79.3920836880832
356,-136.175230858915
206,42.764371773331085
172,-149.86318634244213
340,102.30773863863983
179,-93.5489711021209
228,-9.214618673305448
371,-29.781023110305725
86,-134.74439999749495
328,48.41841600179578
401,47.961318756541154
348,123.1553322996071
307,108.10794542117856
237,90.33853740040873
195,102.66964974024667
389,33.46435460248017
237,-60.98672248471905
259,-36.44321776263752
261,69.50299067166904
239,-88.82084554931792
271,22.662243138133658
99,-116.33924049854099
318,-31.79897037409033
331,42.59886639533556
362,-26.076336491869007
161,-88.97179928667241
296,44.12863331359138
331,93.86236811002048
201,-156.53790135658514
348,64.08922656282822
130,-97.69065352237601
211,-21.828161174095623
262,55.22471250582204
242,165.47623269973215
356,40.89078957430237
283,11.148857051517044
342,105.24067268558126
243,165.81865877000595
240,-65.22139933066175
322,71.57842683740864
96,-54.37298433802958
85,152.08586332093938
361,-25.209501695930417
138,75.8868732364706
28,123.35493610581959
296,-69.2361782658342
226,165.48366069865867
124,159.86569534818074
343,-32.49222720142264
352,-69.8078469045286
383,37.34287685238928
241,162.39987815631238
266,19.262953028276844
223,96.39572716705193
271,54.019016120307136
288,-110.7107330551867
324,-108.68192200851485
283,144.71739389093875
292,-7.998232147680509
326,-35.95312377689658
108,-118.24185719189965
17,59.23021733601682
339,-138.12795507362569
10,150.94539590092288
313,-70.92802323616577
362,-143.92012099378985
330,98.19006850601865
388,120.51288317104449
371,121.81461815166884
141,88.7887405986707
325,-39.47164762746887
266,40.94105968445057
91,126.92924285837766
144,84.64232362258726
292,45.102509050467894
108,111.48063401755428
227,133.5596557812357
237,-0.27692819107935013
98,113.8891870406058
129,33.979568651464994
230,33.731699041162926
130,-103.43895711460523
230,162.5329401573649
14,44.54370518932044
217,19.753188374129383
440,-137.2608538734685
345,-57.735719972606134
387,123.2004335160026
215,-96.71774072830135
410,126.29691986803117
287,155.46207662257433
314,153.9617191474555
337,-66.19137838474693
342,127.0378125331899
312,-121.48335664666628
186,-1.278880378401543
356,-30.655539909338177
283,128.54981216965083
338,163.24934318373116
227,165.98935302929425
196,-118.46646463554772
353,51.279127147648474
276,127.55808921243347
360,140.5886542894866
241,-88.10595753679002
211,150.51548978683326
121,158.95650898079558
356,-55.85105836793084
303,-36.98454052556744
322,-143.24190763648545
287,-143.2190282494787
302,41.10057237197116
282,161.92584688719953
350,55.57470815192481
315,-120.94650920499897
248,-20.028550589945304
287,154.85644851411797
337,-64.68369731481623
182,-147.51870713861467
198,131.16269272274124
296,42.94014683725273
196,114.72594666788792
336,-104.91461790009248
317,139.92365428210903
244,-141.3769295609544
277,-46.08836574546543
149,-102.4225187163526
294,88.58393959926333
369,36.59462619838037
339,127.21992924973073
306,155.18910403490045
366,121.57786274012632
266,53.43111878819965
222,-131.79959848232772
247,-49.0394964396262
373,39.93840949623296
384,36.93144072878154
348,38.19549044969665
114,66.84144437514382
184,-147.3387883315435
138,81.57865675083312
242,-116.95882227892437
386,-52.05922437130029
249,67.61160043144098
157,-86.56529921056985
200,78.93477943379838
354,-132.45150587701355
287,127.45868270279631
346,-26.076441533703644
332,-65.86262867676719
382,34.150535192883076
329,99.03158176186979
241,-117.03054286388404
144,37.088210952147676
226,-85.85436602086628
249,18.906654608262954
303,-151.00011680113099
343,-56.66041049419641
281,140.30084766297054
272,67.88127515902855
240,-16.50265724497403
257,-19.31079288175344
288,141.5449839929564
250,130.45380685251774
286,158.3423315094481
322,140.05449750583978
237,48.46707962633413
178,-148.37231552481848
401,-56.28825384903793
129,56.88390636579477
264,-153.21325232842833
114,-130.63002652892806
188,-93.52551176666952
429,-139.72360137299935
400,48.44139534245628
58,132.49218942010611
359,-35.74316308790158
271,-1.425565699922606
241,68.97646569966868
128,-4.533497621185532
217,86.54947333549873
181,-0.673469600198602
281,-46.78256821982521
381,-125.73508235060466
327,-46.9299730404034
276,54.81050876278473
199,79.63707616773671
220,167.9521365338983
282,51.314907759599265
186,-134.74094173947816
268,-98.88365525902344
347,-114.97429631042826
379,-151.42619320039537
348,135.3220297941585
25,13.09469193346479
95,31.889177834817136
361,121.03227450245288
290,-140.35149696125976
318,-20.28326582122702
183,157.13117996976322
305,22.335344998639886
283,15.032906432186621
340,-132.61194518574717
291,89.09493876308738
366,30.764856452901252
133,-102.14952246615508
313,-132.76230326758775
339,105.9425151663874
38,-14.473181213849166
288,-140.85268438551918
363,117.31439957108742
229,-19.171893626978505
330,-66.63375151819278
333,-82.17319868507087
319,-66.93246993965992
366,121.89996744444052
35,-16.113233695342473
276,130.586659000832
285,162.08954245094523
148,44.998775352953245
96,128.48565384960426
306,95.52983083878074
157,-6.595117212854913
230,-92.84419730673997
364,40.15379078713431
255,-95.14121325468142
196,-72.16588072826741
280,-142.5778132395879
352,-111.98573356658218
348,123.71489358227535
349,37.761413679494055
349,120.90612949708135
266,-99.42044755263848
261,-36.23924398870165
279,-51.979405613777885
358,-35.18518531073396
272,-116.74407000447708
210,-178.56128202680935
212,92.975122592212
224,-99.3921462298283
309,-151.44364050382606
294,-8.219745684522417
282,169.10052402819193
199,66.3286911203047
171,23.84777461677661
373,-140.10190246756312
272,-49.71079357385276
237,-40.55433515315854
341,55.99540017665736
329,34.82930802517338
385,29.54442709202766
234,-61.287786964048564
179,92.34984324627032
186,-134.4366390185089
338,61.458098647567326
301,-56.360984104862524
178,-147.52067214822117
244,-88.78639781771183
214,-21.756396810436613
272,-89.6400985342385
255,-130.18595288904964
464,44.08530714203056
325,-34.770073580562126
417,-45.15062511495845
388,34.6039323851162
362,-31.876482179400462
372,32.26289284779633
211,-115.73322003341963
349,55.78521228094599
302,-8.719394770324744
272,54.26215397356552
393,-56.6092280720099
360,-135.2060851631937
348,-115.77142851547298
130,78.761695531185
185,-105.43489997097454
275,-129.3418798839555
278,-13.553529727894283
215,75.68095316478181
341,-32.76317904161504
305,155.1202666875871
276,-45.634871586336864
105,-114.55550628466266
308,148.6561279264471
376,-140.1583599770284
125,81.46891690440935
264,135.87059602319522
250,-128.34658450780753
118,-131.953647336639
271,-41.038830818708036
258,128.6396157470769
281,168.93900174867716
100,137.79423040598468
216,-91.3930079414888
315,125.04086862823775
282,177.27808646473372
437,139.04823950480545
381,33.6348986919496
136,-34.91018167191508
70,47.9577058493028
245,-70.6911420546921
249,18.88695636975565
103,-155.58918092975745
132,47.99980782419526
355,-26.80166155953108
19,102.64540685295644
338,104.5417640197161
326,-66.86161953723337
217,17.912123746826694
340,27.876581172380913
323,-71.35280244688923
213,-163.17334904737402
298,97.35727257959405
221,35.539967979925585
309,-31.198094409880028
379,-140.26181348365657
306,-69.34298288785666
309,119.00902719731553
311,-49.764777268057145
295,-75.00329088667388
385,140.74596818631514
304,-73.08973771382587
103,45.66279103650647
329,-162.5574309988447
174,27.221147295283554
292,34.40234638886302
226,164.18592474084326
264,34.0103861749768
370,-53.193477820775016
252,-92.89748662742824
308,-154.40981939085833
342,119.69024242942554
103,-117.2436678591729
287,158.89041072924113
226,166.14724700826528
188,76.37250845667023
258,-175.92766834270844
380,33.49851791696109
300,93.82621140852892
290,-97.38336927295688
327,35.33328288037141
297,-115.17171708231506
176,150.4398396335287
314,109.92912649344561
190,-85.96250754599627
211,-22.46728995773124
241,168.16800521896107
428,129.38004557029913
90,37.71555141511156
335,-136.1740691733372
291,-172.9451862884138
344,27.693220152734625
287,-97.0633673162303
258,-172.26915949251108
252,84.00424998983402
242,166.00477401649775
325,140.12913566115128
231,163.99352569883118
288,141.8650148003024
191,-159.77808460554223
231,164.54137230119744
96,34.48362295038065
174,28.729374222089714
182,-148.5422717333121
105,46.182637511344076
229,165.0620025836161
149,156.43830753968942
329,69.9125414124414
178,-157.5065762448695
389,48.0200410189824
359,117.18817801988112
363,-131.90680575376297
150,26.920374529232014
151,12.898893468628541
225,-129.66669146171645
201,79.80774124765566
362,-132.73176919196268
332,68.28454610001594
427,47.05632479053505
290,128.86926553566647
191,65.72568803073533
323,-67.21178286967212
131,-2.726697893620492
301,39.99335162243045
248,-22.909906665008467
97,31.55186880434645
267,-2.187052917046131
262,171.95647889196286
297,18.68147599921825
296,42.55658322164858
211,94.94134256320031
134,101.34101222966723
227,35.54253954811085
383,33.31605498083923
166,30.800208367057884
308,108.38967545527055
311,5.497048805008241
206,-158.23708773544254
286,-14.181665314055875
168,30.51897629427172
350,65.65347420309642
235,-130.86490625504118
174,-147.78130770641715
152,-76.5013435533735
137,78.56800437325491
128,-124.13551715097611
161,-10.306642431219206
133,-129.51164513175232
350,-30.30744412663802
357,-132.3886990900704
382,-140.28177014175392
328,-34.61840173863541
381,141.60181530544068
246,-68.10435328459309
92,32.44736137977657
329,42.47254241031484
228,-117.2913373043013
281,157.23259166434477
297,127.88993796373235
256,-127.20071630473788
275,52.8757324967568
161,27.970161152924746
260,171.98388964138564
251,17.104739456045163
418,50.12954349172393
102,-156.65374961216125
245,90.17571631626012
111,-97.81373661614789
364,67.33810603119214
227,-118.97904860015869
416,-133.51794069724093
148,62.38027468133227
259,18.89748023788441
333,-87.86361874133353
261,135.1811211959247
340,63.06657328126203
301,156.17784019637952
228,-106.14596232056779
331,61.72079690006171
307,108.90409966165136
357,-35.37922783551704
310,153.79937398535105
335,61.351234760147975
322,-11.680022758769717
338,12.260380177494758
269,-31.797482959046157
274,-168.79743173794466
379,-140.57602159070518
361,-132.4140552811447
149,83.02643755852847
164,-3.8774736272574795
299,-9.415361800807846
90,117.39721615393337
108,-61.59897535880332
194,9.728772721076007
236,-154.71305188313582
292,-117.90701883370565
268,178.159400386962
309,-8.656000608643938
108,-118.58464279577541
261,123.99251260157854
351,-56.20493384136991
361,24.629149243934133
244,-159.8012517242342
237,88.48769402517165
262,69.71758630252685
270,-89.16256666824047
305,-153.7918440748857
331,-48.921976815333046
261,50.152751156745616
210,-153.48212703155707
254,-126.75291848398832
151,-2.4678492770783524
315,-121.52850682472553
344,66.41907958644978
147,46.63608567159632
188,78.53895210696926
231,49.45797043079689
59,133.9291494448023
199,-79.77097972405188
326,91.11942884732166
232,163.37628644797638
378,130.17369482343761
202,-157.36183824202254
146,-10.145358660206805
340,-32.883128714016436
246,-46.82328289584279
353,-25.773322563241436
261,-163.60386598124506
136,81.24501954277069
360,-134.2355468259458
191,158.87688731213944
97,47.09163902511788
365,34.552528920113346
241,-70.99184156999159
192,-98.25239362303252
221,95.67448512089744
332,144.01969159369332
182,-87.31442456685818
102,-115.46938447162626
287,86.87779427840248
316,139.45283137268035
188,-4.05470590367907
231,166.9280677427122
263,-102.03148974240258
205,-159.0112218405182
334,118.12603916869861
287,157.9717814711715
197,26.09011596211198
419,48.7282046289634
282,33.81283167859341
121,55.7752525614959
361,-131.72916630287415
224,139.87433973425175
294,-8.797914984411992
270,-2.5248670566802587
308,-18.192513844322217
459,133.8642841515996
221,-32.8551201560768
158,-10.447612926460357
223,35.65085546119566
208,-13.505238398667684
398,145.6691031568973
422,-138.7283697022343
386,-52.017611929191034
326,-34.3783829734169
33,-22.834823612257193
382,-126.76462671880905
246,-89.07162847547973
210,-152.19754051709253
145,-109.9923184389925
388,32.816253640539884
327,85.06648199717958
218,-64.59105543416365
326,-35.85377381101169
307,-125.94384064188289
339,35.091885979690815
275,12.690887111890458
214,95.18074984318407
286,-75.73326268386971
124,161.65269232903648
323,-132.8991860866383
186,-22.266078492367967
284,155.82207391323175
320,-154.81335659411084
256,-92.09353206699254
398,126.77954639072846
287,129.34971050720196
64,-123.10941267046844
28,-130.7112447375299
215,94.44120576313583
235,-18.483753133875748
242,-116.92406583982427
181,-160.5498031430598
185,163.79967202385782
233,-87.01906181958864
164,29.234051058208816
368,30.875000900270575
83,-170.6846727357472
234,25.504975739510147
382,-46.59235893940493
235,167.4941049488215
321,85.32020308176585
170,169.14327500838678
302,43.83491908265594
320,-67.9832940445967
190,-134.2214519426268
295,160.4101221231992
148,81.578908021518
211,-162.3308298975259
230,33.51798259856074
268,53.306253292943396
297,-8.481437483074746
362,156.5988999858326
226,30.085798145585116
84,-134.7506681844763
379,-126.16118563223618
274,67.4628252284385
153,59.1300526535674
321,-67.20386550926729
295,-130.1959361091777
286,-169.4149385012981
281,-91.90516468152686
391,141.31480120404098
358,-27.105506908397658
344,126.7380728066814
293,-8.999796838986807
245,-86.14866124192677
255,50.8564500345837
291,148.30717049042957
356,-131.30888732661379
295,97.17848087952433
341,126.95527933782793
117,-132.04626976566442
340,-65.70783333056818
267,-154.0258995367421
375,-139.62783844755802
195,30.9615571141143
127,61.98124027309964
272,-79.34799692192017
405,-124.20687814877391
187,76.94032501012768
192,77.30978555340367
147,86.69196912466008
162,28.387905808588414
228,-105.99896750037966
193,10.139972487202595
124,-91.27151219058571
354,-30.653762427743544
277,-116.40190273076757
299,-139.53951043404606
290,-96.3190707745463
44,-56.640727450925624
207,-111.74805966473913
208,-153.62701913637807
284,-59.401445583705616
255,-172.05021602436864
105,-116.7245182593424
313,-143.44482513785337
226,167.4785836856213
377,130.131325627037
277,140.05333351682168
308,-50.395791312628596
389,37.05774133331266
221,164.6742831488075
208,-157.80396991518285
436,129.5419052971655
242,-142.69575229259482
302,-25.255837027076062
130,-102.30108984077584
99,112.7397132406537
228,-84.67976295114451
214,95.09668137254575
338,159.68991140089892
140,-74.21115666649347
329,29.158723286369938
355,-25.503376091135184
23,60.84910372255866
74,-23.91180955311043
312,137.29569302106668
374,-140.36027420445015
421,48.506477663590466
102,-103.2999925006077
99,113.34753299206419
147,-113.42634950133424
285,50.27523592695473
239,-38.93121620010905
150,62.357355003749994
381,-118.82780288961929
101,32.93136477118279
360,-24.191198494507148
186,-1.6636408633891755
381,-139.69493123497264
300,-46.13951306062438
308,-18.092099016044315
82,75.20790888515877
147,-95.99496725215482
365,-132.4188465687013
249,47.55889307065681
143,-96.99094015918206
234,-89.42767362248681
211,-22.828073401067883
238,168.0010099833474
331,146.53369438404792
257,-59.22894910818952
387,33.054942008255274
365,-36.300666128025775
239,74.14019005586276
199,85.1809119744162
331,-66.4724613919013
338,61.47503163094202
257,-127.1983709142427
139,105.84941001704138
234,116.57822104276048
391,-148.47889444133784
353,-160.52071034707856
190,-88.26837981831264
134,68.8695381389377
331,62.06111116979721
257,163.36961297072702
248,67.21380036559354
28,-125.30143097242126
267,68.42250028709526
262,69.81083508958173
348,120.79621289058554
95,36.25120343250496
425,-51.014201153784775
292,-141.3425152614333
166,17.888519037739226
199,98.12478702730431
350,-26.34389307326906
204,162.16276913785904
231,166.89546822103247
310,96.83961442453045
296,-141.09381387158743
83,74.62979160850861
123,62.777554322443486
352,-56.40475497472789
251,16.079840872422068
348,119.6180405684026
207,121.01841563761465
150,143.48685547955228
215,94.61898176846555
349,-161.78932879814252
303,35.797988315262316
256,-59.11120969848563
105,177.8479523810651
373,141.4344215426279
159,164.08861271442075
284,138.82177754749796
185,-105.11150970779339
243,-144.085883869362
262,49.88669918862869
191,-2.6826066974562757
358,-132.70667677182152
91,-161.60808516695195
276,177.50563434815064
430,-43.85829042454708
227,117.03588007148639
47,-165.5994136622433
307,108.5493940937598
307,-131.45300353376084
371,-132.04565165011044
135,75.56538057888689
167,61.30764265498998
248,64.33067107258222
268,-119.67610364508246
273,-62.05773910379955
311,-132.921220802602
212,-22.675879747881165
325,-36.02047156792543
355,-55.6840112942505
237,165.85403997621222
318,-113.39929559998248
131,-97.69746515806504
414,-49.04098557109584
313,139.27373676287044
28,172.3728075850124
29,115.5004438971878
360,-28.22696106755725
372,63.22250901652694
259,-92.36852761393693
383,122.16774753445718
259,-38.87601475923662
130,-99.21307734383969
215,-95.74676764225286
178,-148.16929303061323
77,-26.527944154834334
264,176.80224660099572
310,-173.4913474408654
98,-113.05988730436903
256,96.00503261090172
197,-102.50839568190611
219,98.36804319974057
253,-128.4040697817881
328,48.75222680172
35,-17.96543131692572
144,87.69015858462905
324,-66.72212697229413
301,-25.00614119692106
221,97.17041909595834
222,164.19606374110052
185,158.33493237054202
352,-56.406734372685875
223,-33.368989792961905
207,-153.0268254680833
412,-53.031345026791236
230,-73.44923077662888
227,-118.58916005412225
237,74.90422461026468
187,157.72233034489204
178,-160.15296321939078
452,46.1885191667257
240,-141.02116082405678
142,-96.14856219947708
170,99.6470079193861
291,89.00595243433632
335,-34.895387391932005
340,35.40945826815018
216,-146.9324212556443
389,-58.34902738477173
119,28.21428540999742
338,127.20798272550513
359,39.020210243960584
253,68.93484101256682
181,-148.55925828617995
133,70.496766785859
347,-25.688984132704157
322,85.10637662540361
356,120.33538408387965
137,120.06698039624487
170,59.07289906992359
83,113.35678782058756
361,-155.64570700544564
329,-130.86998268772126
381,29.350720687575524
331,-91.6197412381971
162,16.78239828008009
246,61.56037614359232
284,129.1305532563753
277,137.57340884951608
229,87.44250251315955
291,88.46169648632535
391,-148.50455087513674
193,8.737655789026944
54,-143.95876778829356
191,-124.67923094828537
293,-150.25179407571815
351,-132.4246327774111
371,-30.342249634948235
297,-141.25550843883605
332,42.874782645315555
346,37.299354667541984
129,-127.01108506922716
237,-170.01090570579203
404,-44.40807103251015
280,22.67926970264119
197,-80.51899797042437
282,127.02848962585402
257,-41.31360692128945
299,166.15872539538915
183,-1.5278597343649647
336,97.61143367614415
195,-133.64281359902108
247,74.53679868582502
236,-38.351811238004046
336,-32.83365448086453
427,-132.5096925291046
254,51.32875665618087
294,128.36959109031864
306,-150.94454274662297
128,-2.2041343015363797
119,-94.27129913246048
284,95.98141099147736
324,-106.27737462597229
183,158.81990670050698
338,42.90725427110396
149,-26.83726498573972
181,-54.41206919573225
337,-65.24577657911658
267,19.63447219061955
208,-162.8691556800406
86,14.65543374888518
264,-123.7379162538976
333,-55.31826361437828
221,35.171755157313626
119,24.687579424173357
399,48.700075111582315
30,9.611727308411595
196,-80.8653371623284
259,151.69128098577295
129,37.275614219465496
133,1.9302233311358408
345,28.031916486119613
235,44.36759730629678
116,83.26081556659184
330,-32.11429534315049
377,-47.82929437139292
177,-164.20768626624235
297,-8.68086911837408
195,-91.66926796034213
447,131.58089954475528
348,-55.87739014969344
287,128.8668185081919
140,112.89064022909452
203,-22.044222373370204
218,-65.07572501575768
32,-141.85284920416834
201,-38.645507585573085
431,-131.73478811269015
219,-33.27329337965736
335,60.65156657171511
307,-153.1807527295359
167,-8.35396175264915
305,-32.95410456183067
80,-59.25691101858992
238,-152.13616577311385
262,34.27689639831123
265,54.50395204066105
127,68.20899999249282
136,71.17325334730378
223,-6.588434485677938
197,64.82719095165768
373,38.79585090570479
152,88.40027892796577
190,78.70623892541778
256,130.7395610748769
372,140.9725797992746
242,52.79894429761842
178,-13.034066501523661
322,-46.567079458949316
364,-23.176441009039493
332,176.13795436882683
182,-147.95583697794305
203,29.936984559547273
230,165.70493114483767
285,128.07322741096613
382,45.62443703132096
385,53.0253304769588
320,85.99449337520194
173,139.19454760955804
256,-177.16799534183005
275,55.0913015428099
287,-16.45399688446215
231,166.5458627280158
241,-61.11661500449708
297,160.269742507425
301,-104.06757603779684
328,-38.47229958289814
257,128.45872547016387
313,19.929921873732475
88,-20.180329195084997
288,169.1349630042183
455,-131.51945751876963
138,80.55369680381416
182,-47.88262647973854
304,-37.01941231910383
383,33.42066171930066
385,140.17557732732217
291,-27.603534416729122
309,108.10112762643
299,-56.51746218019231
336,97.4737005344476
326,-15.9812029903012
229,165.26481654880635
333,38.49710871826
330,42.89890746825103
126,-0.5243916629103363
53,134.5952107034304
361,-131.32569828297264
377,33.577483926994574
378,122.59271388134388
189,-68.4005943057446
128,71.55565465717783
351,119.42640663414394
270,-169.49551783234043
284,-59.34333417545441
322,-66.10568035531948
363,155.99541900777288
388,-148.7476733215653
326,162.01895910250533
269,-45.883451161836156
330,-45.29088356152648
304,-73.13597028629881
38,-165.07174335444873
250,-127.54638852010861
156,38.671698276332975
247,-126.03275904281632
297,88.29126502300664
372,-132.73259791096467
375,55.60160457287531
316,-132.18566559405633
243,69.07608112639802
347,136.14336704555993
263,69.79099204948136
252,-129.2218510291018
171,94.4894182652267
178,-160.4466682188402
256,69.34647104195554
305,-153.02213708472922
121,81.08807179764871
251,160.25124180515033
279,-57.13724647160374
224,165.84596919277445
240,-143.16531813342291
196,-99.22202727306455
282,15.041832316954975
259,170.78822313325747
378,-139.60799366448384
363,56.353149107812875
251,24.048059809456262
250,-126.78106546708128
291,-145.38080425525646
281,-50.97905297303894
293,-134.03133449054945
396,137.98526243395213
247,-23.242401691610812
95,46.461694725880456
242,-38.86259764082534
194,9.104697848957736
169,80.40004764967749
285,126.84374575175745
371,32.24435377193056
9,12.528807709151511
222,-33.26014949348775
171,102.59759386945392
412,126.42617259833531
289,-143.17984051086557
174,-166.01559772451117
74,173.42155751020786
311,148.71340687321396
135,-126.38578882931805
368,36.796462198058755
155,-7.359956321325982
231,33.72914111813726
286,145.11964123317105
431,-131.1539435741439
150,82.62300897034912
333,38.35916127812518
227,-92.93442571674875
383,36.74995106158957
231,-22.190319607626748
146,88.43383767051311
286,129.21132555434028
157,-11.109426838158925
320,154.64160253267562
229,166.27487797826734
286,-65.5612728872613
118,27.783003753896704
325,85.88861160841023
242,-161.05236841131097
312,139.27907169501145
254,163.15873850639568
238,57.0010424097651
328,-38.67032881741622
230,165.85043372553258
277,126.49553029298661
286,144.5700677610575
229,-132.05873240096628
447,131.3797330951578
251,68.79484213543887
236,160.13310095247994
221,-29.843308438203906
266,-153.26215493379584
186,-161.218237952544
274,75.13565918640234
185,-3.9994889297856195
279,81.04508431871085
254,-127.8705954008578
386,-54.2099739805649
374,-139.67038949004282
312,-107.66925646064722
211,-22.771733867080172
202,-31.723356028507744
286,22.584134738079715
