100,129.61744668277242
113,150.6814981881665
117,142.92353820130575
66,66.07840540066185
125,-151.73470991763446
90,170.008843034133
25,104.84581869460698
90,-152.73963633032827
117,3.847043391824279
113,158.4768210870521
97,-166.7030429685191
140,-177.7675094373345
151,144.3037095642392
99,127.75882057294358
119,164.2430073746028
45,155.07882708710858
98,-164.92358517830795
78,125.61967715711705
106,112.61156393452991
99,88.53490594163932
78,134.43309231073061
86,33.46927169126002
117,0.7550805475296841
97,-158.19587908882724
94,167.55235762566772
120,153.04995724173614
110,-154.54942686409632
58,31.38456282331187
144,140.88626719859994
107,150.24254540029534
144,155.76216484945058
125,176.17489367902277
108,151.9232311547091
75,84.94315679180292
115,-147.58698829112456
153,122.81820401827832
142,132.90728298488222
111,163.9521158617583
126,164.3355694919772
89,148.40754169720245
130,145.91509713027648
110,178.29732595438907
95,123.35784678712314
135,-176.7650302519562
148,142.5084888124388
60,-113.4686816145128
111,158.36660715409025
67,21.13022390615978
145,139.0249496712501
171,107.23503002309879
126,130.51046623386623
137,164.702436452863
131,-34.07054811113672
65,66.24604169869725
121,-145.61446791240397
110,103.78190261292126
106,131.92836748433558
135,-176.59375384895748
48,48.68290841402228
148,134.38204524472349
64,45.624381031295016
118,-135.7984932423083
71,85.8572752817859
104,-95.87908519031085
105,107.542770970852
106,131.0948981915025
84,143.7737797582367
108,177.94058043720744
87,-131.13166353738112
123,176.77490421788303
112,-156.69839086356367
138,113.73754304466644
139,131.74693585203752
119,160.7531275470369
91,147.67312783937933
95,149.1949341385366
108,152.83181504247247
148,-175.84991355422352
135,138.25602391238795
127,158.59938507521207
123,-19.270765874935922
98,136.85528832766107
113,-138.1366831038939
107,-165.78986926588746
96,103.75457776405948
33,65.15747342467915
141,169.27655617526588
97,-65.67725434687783
96,158.30516648217235
117,160.7283701739595
41,121.62773845026877
13,-57.392244249959504
132,171.17395995690288
86,157.6090600083994
132,140.34973244635705
92,8.008308452017067
47,154.07680584735385
78,151.24280043068927
127,143.23242566817584
78,170.37795797308348
80,119.5755591510431
118,157.38399306399018
364,-36.804031061957055
147,150.55087785575034
118,126.53328978051384
107,139.76877913071968
112,104.18266113361673
123,-150.99750963861842
103,-152.62511144146043
92,144.88138902207322
84,94.74859814287402
105,109.67804976150063
130,139.19878111177013
66,151.72625982290765
124,-144.18599815217104
102,105.65748992681804
102,125.3814793976224
99,-124.2722292461792
114,103.87417562795865
101,155.9928116143346
93,-160.48757070779652
129,169.94367761185046
99,144.64452972710598
117,132.06713763672334
82,139.24956665048038
107,119.896159524992
115,113.52838664696611
125,170.21125058616545
220,92.32234602118557
130,169.0855759734817
85,152.99954594122394
127,134.96390005900432
92,111.45629369107465
152,114.9891576960075
144,139.69204719617915
79,159.98609836898186
86,94.39377812935791
96,141.42279623093367
89,121.83083662667715
114,132.14847252996992
110,141.69899451743836
88,149.52424079858216
54,19.173306003871307
88,89.25233723778159
96,106.4738850533922
90,146.75790201732062
92,156.6431578823139
120,-143.61634024091245
148,142.54294828596562
130,178.82171383786402
142,130.6280902716101
108,164.3539884968508
98,137.75837811674447
97,-143.97819601115384
112,107.32269803826235
157,-123.77266458094621
133,158.26778919344684
88,125.06411408243686
98,157.9907195172016
69,158.53381014937398
87,36.97648940057863
115,1.2918105417091592
136,133.72433126847588
98,142.4995361868254
95,132.9446052205075
88,74.77204900135342
111,114.90954414816282
97,-166.18491337786108
102,99.4580762589886
96,-144.7647618235535
76,151.1091977402676
115,130.58139973858724
102,166.48878295572788
74,-90.77585547008863
110,143.0127931403607
124,-149.77046944203647
130,170.928068837209
84,93.37622882067052
89,-91.80799525692348
64,68.99231273158807
111,106.3297911611406
118,150.43795439745304
130,-174.45432965155385
84,138.57828202241728
129,173.08140129577706
62,164.25135480943078
117,100.7322961166071
117,-151.1767323068911
86,98.78625518632693
104,52.711660978753585
59,23.1125785731902
111,-165.27188773048977
102,134.7217278128176
119,132.105862846395
121,-142.81421904751141
84,138.97116171295067
86,111.8272924298365
103,-92.542466588842
47,48.90140040330901
120,-142.46855926499092
133,129.2075363481504
93,-156.51102824342976
47,122.83121588126498
125,164.43911358826412
133,-176.50616417726124
132,118.75976072505767
137,138.15556664816884
88,37.513329030540966
136,117.18916555735778
124,-149.54997534773443
110,101.4306775291052
144,136.82634349094653
103,-105.30915712522243
134,-178.3535823971691
124,158.5242385283972
92,168.84858639191737
114,114.49881289054107
65,-153.7977048519195
110,157.67694768041673
119,149.46768885248304
112,-135.71874288946825
124,-150.58908967262693
50,154.36703596238553
154,-165.38246158183432
89,147.7146250515567
113,-174.17955107019057
108,157.41753757221448
151,146.4061936024112
120,132.3952308110349
77,155.31707770186765
64,126.13001974828676
114,120.54311165667345
119,155.90826138806884
153,146.57132683330838
138,162.6031118708304
132,149.39622822385655
88,111.53850197610468
78,100.82280929352356
110,28.940705347033756
122,142.94149718583535
126,141.04927052443446
118,155.60881369069006
128,169.98954698526822
99,129.2507831362302
110,-151.4178396837316
59,4.484028212358101
145,169.9275548821541
121,-152.19916459317957
141,130.87966591914997
109,130.20723560660986
69,-141.30461412634506
145,123.35437102684782
102,111.62607102767268
110,121.46480010522285
128,160.87434718482487
126,133.99716938625014
82,140.1921986645052
141,138.9476801978526
94,-78.00200892696138
134,146.74993765401967
92,-55.23683645439464
128,140.55548478516565
80,35.73517268296194
136,133.4667405728565
137,128.05535084227233
84,111.37222472331483
126,130.9622964462831
85,95.72961339343365
78,108.99385341473707
108,154.09078179716317
107,92.06482738580097
119,156.84838471591445
88,103.23010540559576
139,-148.8691321631593
105,126.69545149478044
166,152.77380752945226
86,121.17593995929813
88,-157.987560341726
121,110.71387789127427
112,147.71525258173438
63,165.16622929648582
124,93.35498641965252
121,127.73952606740042
111,-164.931223504842
137,-148.98530296729322
111,145.6241499313617
85,160.37779794842893
126,-177.80217435763447
138,162.9963174081849
114,-162.5722043266351
61,81.91323288129307
70,149.75449782302883
126,-149.6573052357931
140,-177.388808471926
151,115.15336234015548
125,-131.55697080088692
118,157.2843723320174
121,54.52083303142684
59,102.7316751872508
111,118.09877986505715
106,121.8924282905914
123,154.0697308106049
115,150.97322559547698
93,119.48434638912777
59,81.01090214966322
94,155.7804691971482
68,131.94044093641475
109,151.90879516963506
104,157.54645717678696
93,122.41618850076019
128,-144.15034552853902
86,158.19069057910315
101,120.7450163490046
91,142.68635977717085
67,-151.80574057596021
121,133.87303116371575
104,136.62865428733602
80,148.92301853424513
100,42.359887203498445
138,153.96752431763036
125,125.20035965627233
140,116.98842114100802
100,-166.81651689510275
115,144.27270974625264
105,109.33335955814437
127,-179.07543867105394
107,133.65079661480772
115,135.27237675785932
96,150.00402935039804
110,119.57588868076934
116,153.987258153934
144,-5.622206452717382
102,-154.91913802463023
115,141.29510856047892
115,-157.17960732485875
103,150.0850060261768
81,168.74505938807394
124,137.52889617204337
106,-163.7018588461791
142,108.63871269510625
85,159.13707179922733
108,-23.128719351822806
131,119.13779528472433
96,129.11489058761154
39,83.82606448586861
71,122.29164863615493
141,141.58326814883046
111,-164.06358493710354
94,133.08944440887598
170,177.91389164938693
111,139.2414192575085
113,132.68315969930427
84,129.13357577326138
96,113.59009359458932
128,164.02491825895854
117,153.65784300881285
72,159.24513180427581
142,130.4678084477326
127,138.78923702843667
68,29.651292748794102
69,134.07502365498593
103,167.09566129873855
141,169.11553561763142
117,142.43425059678492
130,166.372177183915
105,139.9818201616842
111,106.64446804688271
107,-161.14801418139564
78,108.60028670438693
134,154.33127173288298
146,146.2934549774554
131,-170.17201289781997
84,161.73012687654895
117,107.16229274963491
49,-132.3904559987447
101,146.56505091863076
86,151.6429421509334
66,-68.61844348716556
152,119.34567766090622
137,167.71065473246642
126,150.41600531968086
109,168.92588119604923
82,179.22719755637002
117,107.5796167440082
93,-101.57783511935035
111,-135.68304938933358
109,109.54869888076253
142,148.21305710426074
153,148.004438711305
150,125.95534441967081
103,-156.88757723252834
123,-178.49026320305177
82,118.49659164334575
103,-158.22673390374106
142,141.13713981792887
51,131.45175918105366
99,-155.7053114382393
83,99.39416998080279
101,103.98069060367217
111,143.13688233076073
85,8.944557720587223
147,118.27476477555112
116,107.0289847517918
111,168.8231685928738
191,-55.02134966269503
123,-144.83191509547868
84,136.7739739818806
79,154.87450864695313
342,-13.295413297724851
134,170.67925451171493
143,-154.8958590373713
108,-179.00874699386824
72,-64.50176351765236
106,121.140531221814
137,-93.49159745906874
110,111.61065597252549
139,163.27562136221547
101,144.76135476542152
69,94.55977729445573
134,-150.73571547129933
133,165.55188754416898
99,164.27147537671408
76,152.47604292732575
50,128.762040098577
94,131.69846938682232
32,1.0624537872194144
100,-145.68933737723466
91,148.7535283232696
129,150.3115978322259
119,105.45609839928126
58,73.79173595619694
105,-156.02333226618853
42,5.937984404626334
129,-179.74520520755576
79,139.65365001726866
46,171.19564628359458
117,133.29152031711877
145,176.1545840518938
98,140.39304975079054
138,128.47484660007123
107,-152.44078489214436
84,143.37787524076117
96,-154.4079707734317
118,153.47275608394094
114,171.25007195977764
94,122.2336317755911
53,101.30755445986071
94,131.21290500831117
68,143.62120478102457
81,150.78725633707904
125,150.3260878064682
102,157.44642502050834
92,109.0591018397638
153,145.10669356303526
127,134.2898401132103
72,-65.84051504224915
121,171.95210336556286
226,-108.81614683015054
127,158.02431002789686
85,-135.5935466014691
117,-143.55411122250925
92,101.70119160340134
105,159.69412187885638
81,159.36995180601326
130,152.8227076091551
87,173.21140644645794
153,126.69950408509737
145,-89.05183474347304
105,162.10066065061227
144,118.88985405897223
119,-141.33995754362465
98,34.64282661933925
170,-2.5663011172600965
116,-156.28857444000852
143,146.1199813726407
200,-143.30762613940493
82,118.37323074012491
100,106.22987142350468
90,151.00222059570478
93,-159.2147672905086
108,-164.08119062898834
142,119.70457172768249
125,-175.37533230523678
127,172.92424180831208
133,157.22428072210613
113,168.2943499824426
117,-131.8245462212334
123,140.38888855984644
93,44.974923182181854
114,161.90913291849333
101,95.66582655627037
125,-149.7727425911352
86,94.96516231219651
63,-82.33012182097863
99,160.2517542891846
157,101.34369836322199
88,-91.85554817669895
86,140.7814209556176
104,-146.56181832791438
120,178.86329452450775
84,-130.0675511167413
108,-0.7590884556585665
123,-79.5885735197097
99,162.1606567515156
156,-123.66761050848322
114,-151.21188755824804
127,152.40291801168135
123,-173.45802943203373
85,7.474649755963267
126,123.09188766512236
84,151.90485466955042
50,136.98927162507616
118,126.84716755025981
117,126.4701787112984
99,156.74818959857225
30,106.48480845161161
107,-169.16856525135358
105,-163.95064890121054
153,146.04965825130682
54,-122.63842592621575
130,173.33470237429833
167,-9.721732369068429
133,152.06546914451195
124,-135.31016440407222
165,-176.03655196711117
77,159.7672360507695
145,156.9039937215903
133,124.29474787423125
118,-133.84000632102868
122,-143.36308966498535
119,-153.69283429565513
59,11.727705004488067
108,134.0870944733637
77,143.48965704037712
154,-103.66450729058658
136,139.13071110913202
134,143.57407286665855
141,132.1667202449653
63,46.339082214916786
86,140.7841198605785
144,118.47508100606352
91,-149.55094997084458
114,-141.39999118531676
139,138.29437827675005
70,94.99841329746037
171,-18.971945491895024
97,42.23306390936241
100,-155.8799908263235
120,131.0868452155657
120,143.68489470685836
115,-170.2764326587341
81,130.9769497818538
106,-163.7771518706737
99,121.57549214837873
125,-167.33136716665803
135,116.76108057299196
116,173.35463870392022
121,142.4607662075059
68,30.199518700373478
109,107.32759007850254
61,133.8184435741562
94,91.34351723725254
105,143.73519910320476
91,94.63421327035374
104,-164.84559380078719
112,164.7260680049319
91,149.87063570186044
122,-177.62906017783504
79,175.06686739681254
62,70.40214949922574
139,64.87368527826924
93,96.76525834896836
140,131.66186355297532
106,145.85586771855884
81,160.6493920467451
124,-139.8292841426232
127,139.94630739434606
126,135.4077848455669
70,125.80804272188098
147,136.87949718402206
90,-149.09235936688708
121,-148.40171619727158
75,121.76659714534793
92,129.45780462841918
136,155.5658644532193
104,25.168348563914268
363,57.94058282685728
275,-112.75990085560225
146,124.26872632009204
104,-160.83649534503544
89,111.53317841938927
147,175.56970608550012
87,90.67999880343122
82,157.91456274935376
53,51.53100776896023
49,126.64116752389597
327,65.28475148754623
112,-147.7140933022479
113,-151.07204560516138
107,144.85458074226636
138,127.50623686906707
111,124.96235031831243
111,139.62632976296163
112,-44.40613570072996
97,108.99156503068835
120,154.97537161746806
120,123.39322675072705
133,138.33939331580584
93,169.78190832919177
149,-149.61046451946743
88,153.6225633413161
133,124.91833527780183
131,155.30967823597703
120,158.2778620915688
94,-100.16349849772162
99,96.87413665178451
149,125.02670547869967
118,107.73189017777736
140,135.33784256001707
97,118.809917898934
105,54.07946885973296
91,112.81465058526356
87,125.8432461966846
125,161.45459095886818
106,112.0331964802856
113,151.3020057309646
110,-156.77973827684022
115,131.5036762970205
98,167.41380454652216
108,-177.4005258855846
135,117.35621577835019
128,-175.00547313471512
116,-152.50743541092558
129,139.15616359071444
78,131.74740734436003
75,146.25833043373763
76,158.21259612435117
106,127.27557696697467
112,-162.76678840218798
108,-154.43923231378997
120,-148.40549880286102
116,107.54936492270492
84,94.04290245187414
107,170.13606116540268
166,48.58176584115739
145,145.13160667406473
128,-137.7150225931399
108,169.15626928653185
111,-154.46104115729997
151,115.86560859175539
123,146.30577518997467
43,124.16743847769528
87,112.0429804830057
152,153.18886781099215
49,127.15090214529039
136,138.96643185722277
104,101.13515364254197
97,134.11613397427973
91,-76.87571763308316
86,163.22624196503392
138,138.90221427569935
96,111.2638428846031
89,-52.57458341701431
77,162.86278216066083
96,103.7365130923792
98,158.87992005254154
139,-48.79998235639711
142,150.7291056560693
88,-91.17982679531615
105,101.75626269185497
141,146.5945007752017
115,149.42769595975673
95,-160.951583445718
105,140.46366286724205
103,-164.3809026963201
136,174.36274951730715
136,122.77397894339786
110,-165.63862027862405
141,141.92783394627608
129,137.7424535488265
85,74.56168893896496
126,152.90417614313884
89,151.22643138747233
57,24.590039313195284
86,94.99726254520024
49,34.34955386051294
115,177.429675288156
141,138.74165675611525
94,134.813667630364
147,134.68821706642453
79,131.3178252657644
104,106.19321192138857
129,-143.49470105838734
149,114.68108722430277
45,174.1859623978164
82,125.0734792348841
129,174.79623522824744
105,-167.71387193730573
85,171.29533821307007
90,156.09219885133027
136,155.37702156988524
98,35.736014037362864
142,124.3672452229257
152,145.6008452492949
84,112.07401333559268
123,136.34838964440877
105,149.75926346399996
134,-178.4352862420944
109,155.22740195469737
97,163.74786981526103
105,126.49313897469484
103,112.63079960412817
89,144.89124646032155
148,119.34228402681968
103,138.07426948040697
89,102.9726251424189
100,150.50549968522657
148,116.12122577663413
109,120.66612457475622
117,-135.69110018329613
83,162.87832908122485
107,104.1950138640329
118,134.53637889364697
149,119.56216017837158
96,95.15698531552331
153,145.86429156672838
47,78.7379087028424
108,133.61693461982037
79,132.77835172241586
127,-174.82212134057855
123,175.04592505681288
98,126.8504758260818
108,-167.68235045209465
152,-143.50737155056996
124,133.190518451476
105,160.76260092940524
96,155.79320317108252
124,140.19083720687325
77,123.43835809285312
76,140.2454103143228
94,150.23025319597951
116,172.88193520772944
103,106.83505486768131
79,120.29408526194962
88,-157.9736073264325
94,-171.68006704906395
96,145.13577376099164
93,143.37060590933464
120,-152.45035880564686
106,150.669034675252
94,96.05982819202022
156,142.22662724986077
121,134.97445149025913
153,134.72579351863692
115,126.35277473740962
65,132.73909523049397
98,-140.5411161564519
115,159.5018994273187
122,135.15724712103463
84,171.18092982873858
134,158.7296132950767
87,111.28356043810399
98,148.9780239327274
88,147.99177819772032
26,104.93601994280037
67,73.1845447959627
99,125.64950499931102
56,23.81841767219596
96,-169.60088965825875
77,142.5827310137729
87,144.0543515159527
121,115.39948990273378
68,154.78907069869433
138,118.58085577502891
65,62.62056603377549
125,175.66877141371256
109,145.25976302934083
98,-163.8471966863075
100,138.4429823203884
144,-49.53185890656998
117,118.62957826524571
124,-146.1378662015685
178,102.40983720889098
17,72.81635745155546
105,-163.30872013203845
91,48.377215403024785
91,152.96206777359896
70,66.24484917675736
95,-167.32598789832244
112,-97.00013950473128
125,160.1307135040671
104,158.43765792681535
84,34.69051017866399
91,152.3273056892984
99,-172.24285563447302
123,139.34879219299782
120,163.76934919378033
114,144.22983629418715
135,164.7943157660876
87,153.6727008280488
98,119.53962230592369
97,-169.4722581098336
142,137.17102122240928
92,-148.86489521732085
44,29.697844093053288
51,148.513617942434
133,149.0571950959952
82,91.44123283424216
82,150.5029452086336
94,41.87043087298058
116,-146.33006318696144
110,179.67723173680542
93,109.9356738289359
120,141.3879788447101
112,168.9087700826121
130,175.90443633668542
95,103.46739053918942
63,121.22086860038407
134,151.56176030292696
91,-166.24376694760537
129,126.64470869542427
114,-144.5352341954876
93,90.34551568707661
92,-77.98680138978375
111,93.32721638194683
131,152.9767638506526
98,164.50321767603597
98,132.011251594516
107,119.95361832926154
120,-172.59274722949925
100,104.70301162161836
119,133.9244045431288
118,156.79283191694776
108,120.82287283092704
55,20.49893004166916
89,-152.7730151014327
141,65.08119703554215
258,-118.96511825711019
96,130.04954460093504
55,147.02780284922645
321,-59.37228310636322
76,121.87812500682794
86,159.47800101508165
108,92.07366530537857
72,162.30148372898134
85,97.82584561641181
92,123.01881162124452
101,148.01458953798632
80,161.08253896692455
144,130.97133235243507
134,-151.56546827932905
124,131.51422240574442
137,144.39310370829918
54,-73.85776750807531
129,152.56090514193966
116,144.0604536787899
108,165.2509396725188
118,-152.8001781085494
94,-162.05208456761224
92,-164.8992778936286
118,117.37602103867107
129,-36.07366083565271
100,101.15329964044207
143,126.34857089391559
71,96.49116324518386
56,-31.284305446879046
112,148.27579278731923
105,110.56369235974918
133,-179.0746110890313
107,106.47753033940837
122,-151.67004363576476
86,37.733315143116315
126,99.9252490442998
125,171.77894184249857
109,99.00968595295483
129,173.38946907351354
84,93.66965655700889
111,138.41091481041602
102,112.0217235017341
121,164.9799958112659
133,-30.459510952897677
148,148.183376234538
125,137.26208435502542
109,106.44384772283993
126,143.4573418401995
94,92.89357634070456
83,175.0411285222201
97,118.75134450951577
80,33.20602560195889
103,122.1148702483742
103,66.87182959675123
150,142.5125899479905
112,108.74474723435915
131,164.71443968633847
122,123.45461353216069
141,167.48964246476888
143,122.22296172987573
109,114.21833596258563
122,119.58461405641171
132,160.89754161408084
115,166.7529136327384
87,47.86935995291008
113,160.03794338357108
132,25.152389323651846
109,94.75766260708994
82,121.77718211186912
104,125.49871223334169
69,14.520338793061336
116,173.1373011639304
124,-78.88331968585821
13,-30.16466851019886
94,140.59789127556937
117,112.29244272172558
120,118.946061232745
128,172.85994478264053
123,-152.00147592355202
134,134.25169291113244
107,-168.3212389725291
143,119.73899102549049
109,-153.26335890784134
139,117.72685526751988
153,146.5264025858015
74,98.24882675582556
102,98.66478972696423
118,150.03175450762365
96,-159.96591682142804
100,126.09311182054996
85,158.76110568116755
136,144.57296095550726
106,132.4746725147622
141,170.21942955157974
125,141.3700277166504
47,159.535610870696
116,25.753660079706425
119,122.7984414638899
106,145.2753201601677
59,-31.220917616574678
30,156.2797052348543
128,161.83939929857746
101,162.10656396566108
214,-163.250137517921
82,-109.14267623715371
154,-165.86149488067613
28,-109.3195155102277
120,176.5242192340781
89,-72.22813867861544
110,139.14477168750628
146,144.21844911835328
58,31.63901429515879
119,-148.61775056117784
111,168.55228497847583
59,173.1844606642386
149,146.37657790830036
147,138.79076980508492
90,166.41150117092988
116,172.63610639797298
108,-168.73547542129856
118,22.11094893063732
135,174.7142996381367
92,124.39777541125689
109,-159.24813373509633
81,-129.24713775028832
142,152.63511818396802
86,84.3291803101755
134,151.49860640673984
124,-51.917377163717994
94,144.9099635155244
79,154.5423774561854
77,140.11256514876084
150,144.30282141593688
70,126.18616763862946
117,160.81729575963456
88,100.2043717385949
98,127.09643648801065
116,-52.508750549190594
51,127.33747476369093
108,163.29040083539982
134,-176.03377962613445
109,157.86743688964387
150,-158.5336228459427
61,123.4840233640739
106,143.6258265859667
127,159.93327017886432
85,93.79172615655261
108,171.62797315514013
122,-148.87238322941383
145,122.2679655433827
86,139.5641895844789
232,141.17641177664404
137,129.31529789759847
134,173.50997882405153
156,123.60285754566885
107,118.91423762407518
78,168.00453592954415
73,153.61129589618068
105,155.34085640575802
98,160.51466684337882
89,97.61294493883906
148,147.7249013269212
109,122.31194693922374
104,126.35538234691204
114,130.02877279755293
131,-154.61879635311007
70,76.08173158179743
60,133.2155922764283
146,145.29557989614554
119,-146.50980863509793
109,111.00469077513937
136,146.7246002607437
140,125.37770473201218
104,122.20335799454162
94,145.78195999454775
105,130.41900427042046
137,167.5279928347867
121,147.6384848415732
95,139.89034825370095
117,116.32120081218055
64,164.08678480915816
148,147.11927274091565
335,5.384548240850872
112,-147.00421467521616
110,-165.09909751525726
111,144.72386976188568
100,-158.54525561345181
113,157.81991186455443
92,134.44045660746426
138,145.29768417938368
146,138.3740956815111
85,98.8047629435061
92,133.0366670608004
113,-137.3657622409464
127,148.89585398102903
80,169.63097708716174
101,90.60172429317119
103,111.03490191696307
152,134.39733890884966
125,172.59711089487013
95,109.82393973329226
78,-158.10131949251183
101,150.35680624819685
101,116.00513160891137
144,141.7775228478618
127,136.42425487067092
71,20.251100992522534
88,-73.15443714979774
88,154.0364004034613
96,161.8819201495249
107,-155.07540385904366
46,126.7192325151613
109,142.50616469021875
81,156.45373886508403
99,-179.1413534405021
104,117.87183374519272
152,126.07725900464334
80,100.74512047310789
89,160.91686313743608
29,-107.51107336917836
117,145.24133344993152
91,135.7479015779374
9,-146.66205098325335
141,146.9237814914763
109,118.80735761809795
194,-102.43111994484913
117,159.92437667661918
89,141.47742908962857
107,-168.01170358343467
106,140.71889773841858
147,124.78645460046607
141,175.38596728593413
113,146.3544520744261
75,158.1642048307665
130,149.95296543341124
104,98.94225574911917
108,-159.1289142902879
139,140.37765706909175
76,130.57751226662762
140,138.5684090063749
120,132.58424046891224
80,95.8094775168067
137,133.6717078527695
92,-147.4504889793296
97,-165.5811337374847
87,146.80523924182555
147,123.19274213536858
117,125.00541668765439
86,118.61718884528275
118,147.05254730623383
130,-149.35584205690657
98,106.62338249507523
108,110.70868256110438
43,134.30939859052882
150,115.63645908336859
109,142.87026258524185
64,9.277412298445515
92,-150.88035916361216
144,123.66785225781655
90,68.06422304916596
103,110.55382022897732
144,125.35495664125612
112,-152.13411229784933
75,120.27879608931097
120,-143.7280537434703
124,149.73067286224892
99,130.07036085862097
123,150.43658589623325
151,133.97507246010414
218,-43.56475406453524
267,-151.4419567317299
75,-90.1417961369697
104,92.70520725976394
15,-36.768180164222414
108,-175.62216672502853
105,-154.47544450962138
150,133.83666108436302
117,-158.0202695379014
67,42.46234874086391
104,-106.06045809433652
132,159.02491717375298
144,138.5353870255329
100,101.24134103511825
122,178.43175011216348
93,160.33437771210134
79,161.40884295656676
78,175.30709938933967
168,43.95557919380699
120,-176.95046569540386
126,140.58161989089723
27,-104.0613493387578
97,-165.22868914384517
123,-148.1886161471117
126,-143.98987866660903
104,109.76274680270173
97,115.11210452488841
111,114.26342508219918
111,106.93003444254519
125,-173.9345312801341
118,123.69245645123796
87,-155.0223461278043
119,133.11427071964735
96,112.36150847673959
97,143.7705471625152
150,169.1466502694468
56,126.12760627204227
64,148.53473137494885
119,123.30883318978691
119,-141.4003208773204
150,144.84068175905767
103,-155.65105539363947
85,101.7055076325363
113,120.28984683253105
96,-71.63545478513598
83,163.3901862065828
115,130.15936587594177
78,152.02530649543868
104,120.17306816502715
135,149.9742502548527
105,153.34170013264122
87,149.03965081006012
17,69.92497984499329
112,121.15936645815738
110,149.22258164743144
101,106.19888771575224
105,-159.56266661340777
106,112.14417436288923
76,-89.45782881008326
115,170.14860775286192
122,-151.7825555340668
44,119.69120176100724
135,174.44246868048407
10,-45.444956175890304
119,-154.56352449250468
103,132.0255025762684
64,82.87468716971078
139,119.84122347585668
128,177.4343723922931
121,134.4323350528529
60,108.4240068146442
139,-152.2718064089054
92,158.8853946523172
127,140.09147621137015
94,130.59156862877586
129,-178.2310614238843
214,-18.63174893949428
93,135.50139139071356
133,123.44608078907882
134,133.67095126598764
117,143.5816362403005
175,-56.42051080989604
85,135.65715992463052
86,125.58209608784745
91,147.7238670913946
63,-154.63680931968426
112,-151.6518277831523
115,121.26333931705601
180,102.05599754289207
100,164.93463643977847
106,168.3893828821053
78,153.57428810461047
93,95.39703983809102
123,136.69961471487088
106,-161.84380932081882
107,-154.21825676237842
130,149.37380852551098
115,-177.0384862535155
71,143.82257376404635
134,138.53254400530426
115,136.7326093634622
140,141.41401950027534
42,-58.228182831487366
45,-136.34856803255568
149,135.64084385857288
130,-174.8845741467375
126,170.76013264786363
129,143.09508191359026
78,165.17007566462368
112,112.26314179722073
127,134.65617482870402
120,157.05261315784142
101,92.4222117432843
116,124.11865916288913
10,-123.69809464407513
129,-150.21091805231356
95,112.1528964916727
116,-131.6726285131192
114,119.85382204426524
333,-79.52224276564743
79,96.50324604816407
109,103.58328712192379
93,-55.94929507637682
124,142.57248289081033
185,-70.82972078661875
123,174.2502633780277
115,151.76785386817824
130,-33.52820801680324
131,151.85218638457275
83,8.641956431031332
95,171.93204376344977
126,150.19219518071006
110,105.4984112524639
107,-173.69446019705424
153,122.90935114326155
96,144.19115394462375
134,148.0964965623816
105,94.90991039683945
127,-173.76626017935007
143,152.9500463932877
98,161.33648150152774
144,-159.13203078117618
110,112.16169105542893
130,133.9822515974112
105,160.74058117469076
86,96.84357090176968
92,0.3420031473740428
54,92.02933655859681
104,114.53478102448427
64,148.36013927836106
123,160.285447671413
114,117.35854558736534
167,67.77495048570015
96,105.96020300376549
96,100.86512503461306
84,163.85502922706908
126,130.9174513194612
122,118.83787548979696
91,147.32047726367233
123,134.4813603545109
125,123.22857942720468
116,51.36849654840992
117,143.97941855276244
89,100.85745157425828
103,92.96849778767323
113,97.46840364031301
130,-140.45696753029296
120,146.8059694878834
96,98.48015761160713
125,142.54361455414548
149,-101.39923166201446
116,-141.68097040018455
104,98.91230749966918
70,5.672682701456219
74,145.93353425119443
125,-63.81027180121327
107,91.61147874409257
148,124.08048149913286
119,-76.50439602832603
104,126.91102282694649
114,169.99149261626974
108,136.2813927783805
76,95.77617434511409
133,116.05324322204906
134,158.88545131981022
97,107.2741656278941
90,160.8258892870874
84,-109.2295425688788
104,120.27106172837709
111,106.80215902401267
128,160.23264904579173
86,127.59800211004095
77,169.97063341766133
95,96.26061791364195
107,94.6887456216674
134,126.31604058501567
94,160.06599349106233
103,121.53643392426174
152,153.88918843924858
98,126.6195014215414
92,-69.18667863626119
81,162.22935054836822
138,121.57069518655916
145,131.53365210831117
93,145.91980518819676
111,107.57293987190948
107,153.7821706020494
115,154.5246576085454
78,152.2976753470456
42,132.31880571085335
104,-146.1675374147125
76,136.3428466382454
124,-148.1311964894064
103,-160.55218422441956
71,84.05569835093205
98,168.04574287173529
143,142.1920310040622
86,96.90032638987165
113,-153.03633476858994
54,124.9994519839374
99,-156.57675098407708
152,115.98129380886331
99,1.208926070189285
83,98.19807152817044
126,131.20068609897285
104,102.1218801856797
188,-99.81535045097544
101,25.579704454984498
101,-147.56718169806095
104,-151.44927154766893
92,92.80210793301771
157,-78.34732582747132
111,-147.23671676297084
93,-160.19108619716536
107,170.0899620019946
117,-152.80534127434981
116,116.07047305882529
69,156.24581715816907
107,126.43745262929089
104,-159.6716514517021
108,159.2786257502866
182,-165.6042445066424
104,-149.31491946808578
125,118.57046978155668
97,139.93879494861872
75,144.86019902443584
133,160.56586212537326
123,144.34290658905118
196,54.55702850499063
154,142.33317590567438
156,149.91352028792267
61,132.4394021232032
143,139.87138949499297
88,-131.5052954588059
102,122.50833127921015
149,136.67965857784222
111,110.97467585069273
92,137.0468753797389
148,121.34921727519544
84,138.6894782066723
60,25.429554134706077
105,131.92514927274294
115,129.40357985249403
111,-174.58684539046527
152,126.70110301614217
115,-143.87331218987882
122,176.7248352757061
96,117.60006744278746
145,136.5105663566409
137,168.67676215796078
106,95.28535937109534
129,152.42783291256416
128,114.00491574866888
92,153.72398793279024
126,158.19667831441308
98,168.35805125357405
131,150.7582695212777
83,156.98170124699402
113,99.71661787259373
104,138.02695453156042
109,139.2855945618726
122,143.37589749434522
65,28.307986901812026
121,164.85141916059328
91,-170.23870382619117
117,99.67160931892383
125,125.49977432854472
114,99.55133767078617
135,140.82934490426024
80,144.05106155266085
119,125.816886625441
104,-163.20344800357947
78,169.07596897784322
42,-59.62017367976209
98,142.72355174101065
127,163.96284454801193
102,160.9544053131614
75,102.7025579424023
125,123.80703567823504
96,132.69248558228728
101,-150.244666070024
97,133.95903654525705
94,149.58286773273787
107,101.59679729819737
133,134.58097995923376
118,-151.89090458485603
132,130.08198725979585
133,135.7159569414276
125,-167.51909934819773
104,-160.55925814994222
137,146.99279681087427
84,100.9026620104856
135,119.89029751361083
119,139.51720069983986
81,151.07754408403937
124,-136.47122223499116
106,159.65263645326172
111,-153.32487867478198
120,154.87451967015863
101,96.43993171702435
129,-109.35946175460907
102,7.650093556287328
86,111.85263325018491
102,-156.34969863311454
91,170.92100601799896
92,107.34157767640876
78,-143.38708559365276
78,148.71598393484442
57,172.69436302912965
96,163.32818048451674
135,152.4715674199709
98,153.95457719350924
116,133.2990555155898
144,122.8550573084716
90,145.65475149580485
105,-162.47367962742808
138,130.06112151808372
100,140.42761049369926
101,140.03463381209258
94,141.41014812155007
84,99.03289206759989
100,107.63688167259048
69,85.41186588251786
134,-149.9205271598984
113,158.56800555397507
143,168.4739031789808
93,161.245746427091
131,-175.20007640823968
71,100.99967381137294
144,132.80778509446264
108,-164.0136423003281
102,120.38460908774309
146,143.8160971079846
52,148.26353457020818
129,149.13368024749462
92,-147.7303377792355
78,96.02893080284387
101,42.25771485811095
132,-169.98987560063873
144,134.31883144980537
88,102.97923322948793
128,153.9047703606082
130,134.1596056212561
144,122.28932786954913
134,170.4978574513201
218,60.1775299160134
119,157.7525792349537
114,-177.38683475593618
106,167.09469226310094
95,115.02081864341757
116,-142.27692018642827
136,133.68993939751914
87,171.5490195613016
132,152.2082665485623
104,-173.6042812158555
93,164.7792170642318
94,-121.33212428097782
117,123.99955715359305
108,121.26972912024264
84,122.40679653489634
68,93.47476868683434
74,102.14662779124819
80,-142.64179077870003
151,149.38341387604171
109,123.91226413342916
68,76.36498178914573
96,-154.6938637521301
96,132.8061086688276
122,-136.0685333472418
89,146.4649827377005
8,176.47408399296063
115,113.86663300810456
124,126.72315601150736
127,-41.062427311138855
94,101.50950356565473
85,158.01013103133928
136,164.7763698088065
104,109.88138292152401
115,117.71658935451683
145,157.3041385537995
132,-112.21932007679591
116,-174.49240082348504
133,142.77687837599643
89,143.5438873028966
120,142.80969801182343
131,152.07034597115387
100,146.57759923572428
29,159.8388670712066
127,-110.32454078876803
87,146.28533918188558
95,97.82536265789292
72,145.08431223505238
92,155.08900588071302
86,162.06278893676983
125,125.91108654276285
68,65.89228897625291
99,107.39215961729974
91,113.41886992079982
295,-88.0456567724365
142,170.7273240342867
119,165.26700595295782
100,94.28930497438854
103,130.7338669947784
150,-2.112446760346799
145,145.61456493619085
126,-153.94583921060467
71,6.977387000279781
81,129.01652684960195
63,-135.8072899248028
103,4.5720349499161586
80,130.1594777058662
99,148.56756281227197
47,125.0090075110043
106,-163.141810626228
111,116.93567848432912
104,159.12109793165598
115,113.58096342265728
128,-166.94461190036486
143,134.88200314954076
79,141.23591561643337
82,156.9690604351576
126,164.54198839625374
232,141.23902167925115
85,93.30166749388167
89,127.6640919668938
119,152.68139533668074
114,114.55258909892522
72,163.12021980333478
100,130.46522637321806
113,166.71725212512573
109,114.45267513485277
112,123.83385807118239
78,140.26125594648278
108,98.84370521135844
121,145.73232512766631
104,169.4799706753722
89,99.47016957278768
143,167.7582320589176
106,143.4566216119559
138,126.82766008186694
99,142.88169223152565
19,-73.96795542360924
139,141.64694191300666
96,103.35086271385987
113,27.64593246979505
115,158.59037101375358
111,-146.13353130704863
99,36.94158767579639
150,115.76890379026345
126,133.98615672364156
99,168.1047203451577
154,133.7646053730856
75,-172.84129641901146
75,140.8905880120781
115,-164.24699252205642
134,154.8374098118171
120,133.81580527324823
41,148.0376963898539
7,12.048101388011952
111,-157.89514073398638
89,128.76945649176855
98,138.08715512709333
131,139.16765471660267
141,173.75897204480592
99,48.61678146149879
86,138.78918204552792
116,-142.88027306351646
145,132.05826024289874
132,170.57283250724782
103,32.3980995549658
74,120.36136536668337
87,143.5956810900517
115,168.16595337577712
107,99.73300972577125
141,142.234117990236
85,139.1290332592651
109,-179.11552993806268
97,154.36373261369653
118,123.76161366381834
84,148.01855839801715
112,112.84190520622657
104,96.961983872777
144,123.78982603065498
87,102.58334384899051
116,125.05336654415132
125,-150.51887791244732
61,125.9644434162537
115,117.5420915909082
92,-29.863703905642712
125,136.5317010986644
56,154.44163117899322
89,-0.4168956681337382
108,109.86903539878895
145,141.04873958351834
92,157.78437836780296
84,6.005269801068076
100,176.28418802467633
137,165.06745009504118
141,125.58683283208569
101,-146.7748734119428
112,-151.3289094979082
131,168.58304614983342
143,-154.50369772006334
146,144.53731890485238
105,-105.43064346104947
123,142.8434914606019
99,151.28568681675864
129,-173.15555995878842
77,147.718577679385
90,67.9630540183913
141,164.04037911457783
41,-12.369968020077978
103,-55.82955364911109
105,120.77619764454364
126,137.6452044247794
90,158.5300382279999
122,99.38899967859393
135,144.01410086373673
62,23.501034469737693
101,-150.1275702196776
142,118.03419351996837
98,87.77501108039299
149,144.30195810753347
67,116.0987018802129
86,157.7486590989616
148,-84.39698770923002
151,167.10665510925202
83,91.06566735580488
94,-145.2573729056898
131,174.65121930626552
145,151.1023949080101
119,155.67888955652757
145,156.79324455444205
118,146.22764018675718
111,106.11077839543263
93,92.5655141725207
86,-147.29658522792468
120,-17.142769017847666
150,135.83511046255904
89,124.58566731142103
93,148.73551837684974
60,170.867153800347
113,146.80985072911716
115,162.4920804090165
90,-57.148620952945436
118,126.52451458296909
104,108.99304850884235
133,139.33037452619055
113,161.15595859475889
97,-158.9864451855479
100,134.81479535602276
107,160.60823573424102
87,141.05478397979783
145,147.3312943253142
121,-143.36015925763502
80,155.69062802482566
120,164.99490625306765
144,134.23458285276692
77,147.80762973289552
103,114.7788016781591
91,156.2467968362566
87,83.28963638836943
126,160.95467984719508
117,170.89947450706836
67,99.57424471099047
103,117.31737040064125
63,-154.90297773005494
55,172.57260978476754
99,146.9921246523813
139,-149.44847385825958
68,124.90057788503395
92,129.33212898284967
10,-151.89353195533488
123,163.63698387215516
107,-157.47497575415022
88,151.80515091707397
93,109.2974330960392
62,147.89295876495973
89,130.113858982945
97,168.63276435881036
151,149.42033267674142
136,148.9534228675676
110,94.86869607840904
112,142.68003394494164
138,140.22693610839082
123,124.98974130603621
131,-173.38102974773966
152,179.90929402377637
122,-151.5143902380858
101,140.39352149248424
108,140.92629092171993
138,130.08963571193658
59,139.93568656030823
128,-145.311600875831
100,110.85357684492504
131,121.55690318526035
117,133.52130550523103
124,131.75781212339837
139,166.75575713745047
134,169.9862692611637
107,140.69918832915687
102,77.84502683591407
95,99.69293485801612
115,99.61176253580295
112,31.39035599556528
93,147.14484522297266
110,159.3882691502078
94,102.74845644384916
114,-151.6266256424439
78,159.2549595658144
107,148.7511537810116
119,125.51820337090943
143,117.82275723052814
109,96.63517815799922
102,120.37999860923127
80,123.10323167667292
108,130.36840613527514
94,164.7352162613422
103,152.93557591303644
72,142.5331313689172
74,131.45000324068087
150,115.80474744796493
132,155.19101752723938
116,119.71837297279981
51,-11.453831417132639
107,95.19129652570317
103,157.2193102473538
105,146.69725392871226
131,134.43653141449812
64,67.76704265964295
108,95.76754761583912
109,-168.59176529038282
154,133.49822634391424
139,129.63908941561917
167,153.94068680946657
78,142.7665963231299
159,34.47716394526794
91,114.09684607345626
90,151.55094944104252
119,-151.14873716177158
95,143.5903417615939
122,140.02015230324653
67,-108.79673442399307
94,154.9431700351532
131,151.246339183305
67,140.92830166116755
77,130.602229580603
115,-149.3331041569876
88,147.27905768585816
109,161.30505709284154
138,133.89718780514806
130,116.29215765980021
114,-144.2802538709411
101,177.0315590316883
83,-109.9904523507713
97,161.536107242208
81,161.03740752018354
58,-33.12412836091253
74,159.25226747554805
147,144.02177615278057
146,139.71524898929016
27,-97.1555417746174
104,-31.982328379321594
76,-89.88330147677259
138,128.14390861625725
100,107.3443625800036
118,143.97053670948543
128,113.30199866289901
82,-60.63106446021568
26,-110.68777093710449
126,135.05183994007214
140,169.7609906169541
133,156.07517463731477
87,-155.70839130695882
115,142.2076790786461
121,134.41737733240305
116,130.13361391668724
148,145.9660173406815
71,158.93647976249568
46,78.84698854538142
157,-34.085128489818985
113,142.54273801225446
120,133.79043672811275
42,6.196989541122411
113,-164.75110297827834
99,168.18681840764665
123,115.8749362542259
104,96.37811826226324
130,-174.60171954276467
148,147.5270493798928
87,129.4990738859686
96,154.4466433088929
133,134.51579950029034
76,78.61235646526335
111,-146.43346765611562
143,140.92645735819485
114,115.20177805838688
145,118.22091425147177
104,102.36452275266176
133,127.73272312954492
102,-155.39648499483087
99,136.23083782677435
100,97.43212650845362
71,154.85696662576188
87,155.65531285467213
54,48.377424303933424
47,123.25202977556702
154,115.45417752055194
94,143.76036906839252
124,-152.32908479436375
122,125.52708833778074
102,-157.16142231691168
133,149.5097029481052
104,-151.01257291973343
109,-158.53025432580483
97,151.95982586698133
98,130.18462057269127
129,116.9944896998276
113,121.07149932275031
116,134.2917172808864
95,140.8214267063855
120,154.25027109383274
111,173.69648046143573
92,111.98494826916257
147,138.97246658665352
100,-148.8791811998681
79,156.8419872837119
104,97.89211883200548
107,102.09655132047621
211,103.5135714183647
140,132.85319981549992
157,13.014382630021556
127,-152.1973521508603
118,153.71058450136914
95,113.1577386300951
97,167.2787829831995
97,-166.7440713453128
132,116.89081264085847
146,142.52342320384065
122,123.38168819784991
97,156.3563422760937
138,161.43065357105232
101,158.93550691116863
61,164.72874999989708
125,171.2387402096547
69,159.8901763431094
126,133.91794248030328
60,-33.86398966975619
86,96.93156397738517
136,147.31175056228903
98,130.76589063522312
150,116.53299946754373
95,-157.9046341164959
123,135.32802816776686
112,105.50570967152458
58,131.65673700953448
105,119.76423581682431
131,176.6990923974166
41,-58.01731416492619
138,175.89971704073773
66,156.16518115215806
58,134.73645326409562
107,119.19555375323083
106,140.42650144541543
110,-152.72649140867222
7,-119.86246635000172
236,91.1337939941778
97,108.15766915857662
104,-162.2148131196769
106,99.87185902994693
71,139.2957901195316
71,67.21650350805636
91,126.51394610628545
10,-55.80732913524621
65,35.98310095021107
120,158.97000800763522
107,106.48915744201513
111,112.66445240616042
141,150.6705295348846
101,129.86635428583716
147,124.73371370435493
200,48.63259426538184
141,127.65509492788163
120,-151.1025535882419
138,131.73893700396346
159,-31.9998624063445
97,101.6752489837615
88,90.51657289086245
114,144.0054344976134
148,134.58146478487106
315,-95.57451398424203
134,-112.10874247278085
53,-132.7675420522414
87,136.59494984607736
92,128.62638243807254
96,-144.6692831457087
94,124.3757895560649
119,118.44659852670426
114,110.71334794951544
110,104.98418105338064
124,142.66637747137256
130,126.20894284603445
103,-154.50237035863154
87,154.01322851997952
115,159.2196141282368
140,126.20445504677497
95,113.73971893557902
52,160.88813927890752
108,120.80274199885498
91,171.0390110607379
99,70.63909397953434
116,138.56286147658804
71,121.6118541184308
146,-21.851023233334583
77,131.97004826619158
128,162.23859645316827
104,101.94212883238727
119,118.87876489582958
102,120.04672721748328
133,122.24291116280472
152,123.20228352367025
129,155.73935908437002
77,-154.1370897509841
123,-177.74236976170602
119,146.32922692948122
138,146.8489816820898
110,-145.7631312886425
119,117.42658375647063
85,144.48995775656314
80,174.34384353546184
91,156.0201316154705
102,-173.29766303109935
104,148.51901532867046
75,-148.23495290380563
105,127.02682316563507
98,-139.25346842971894
103,-164.66112780831
108,92.20217313042635
125,161.11129151641927
84,152.76923617320978
158,-125.9583743991078
134,140.47079163819785
28,106.49791995772677
120,-40.540244893272146
90,97.84917279314533
114,-147.36182200025704
118,-147.09127740862286
152,125.7248160663784
122,-17.2851735996022
121,162.9375175195373
127,164.8390744217859
139,-94.27466947579374
166,-103.40700986337424
86,-57.69723279390376
88,129.18594974344194
98,-144.50826908739998
57,131.99181556150026
100,152.84937718015036
133,145.30554885241563
142,136.03927652003298
127,-146.02746492952406
100,127.13908339694149
80,-141.39449949792
93,142.53394587611749
85,138.9074953377861
111,122.17933345971973
86,93.7166862399147
104,-177.48010241871216
133,163.93174976411302
92,160.26563517127724
73,101.57935226286058
169,107.42168891252881
89,101.20347379896218
117,145.1392125369316
85,-154.78264529265917
254,-73.53785753091957
154,133.99739764044818
99,95.04865927773653
144,118.27272075029234
107,160.6797214418868
86,-154.28185537047852
122,151.70393184473375
126,119.2994269184942
77,160.5288862363791
113,169.028382320955
134,172.27588823314792
100,-149.490577360258
118,179.83594311863195
99,-31.091849692979974
121,-177.60035226352693
85,142.61693278129735
62,-80.94798458304086
123,-173.235519586725
99,-145.5950455718037
115,99.24918819927954
10,-64.07019906175398
114,133.27887159402792
109,-163.9767261847619
109,118.67528079164776
106,162.20934071031922
210,99.31879653777929
135,101.61392756571522
74,146.53590299749033
95,143.7040335568703
75,-151.0168518713956
121,-173.30959262106802
114,159.15823339024783
94,163.9628390992765
60,-32.50979432922935
117,114.13158596317689
80,161.75413417077033
102,116.14212102344871
146,142.0094648727267
52,124.37358630301306
128,-177.64737123520763
138,163.4142025512416
124,124.9721756286718
106,135.95580611041396
108,-151.63903433313786
180,-57.37957859468288
97,133.23327559807987
56,125.9446173128808
54,91.88107609813471
112,-165.17695198648255
96,145.67849816447662
142,118.87027959436936
143,156.9231706102176
105,163.30940758793244
88,125.94877024270221
103,25.59800896537507
104,67.21041061366068
130,127.12952412539572
89,110.57943595049518
131,150.0871180237769
105,149.45999002133857
95,161.64064894740005
117,120.37312337885555
80,-11.675298597449022
120,-135.5568059368924
142,127.73856267956276
129,160.45625173580262
93,155.2044411852693
126,153.52097000452272
73,143.50801270226899
141,176.43415998419962
103,122.24517574670234
131,166.2219588843033
117,126.03557904245152
107,-160.33225059749407
130,-177.86502042701446
103,165.39854408095337
128,135.77194931975106
146,175.2589238057997
113,116.95656650004089
124,130.85985497491436
105,113.73162523217296
112,172.8771356179815
109,160.4443635539931
96,145.55271045461808
125,161.0705815718788
119,143.24296250386394
84,93.58704087616773
112,107.36252247077039
91,149.43201147164757
99,136.7644898870567
118,-140.28718853097155
143,122.91582235670266
100,168.4958257736755
92,165.667374950954
121,-141.98835209223589
112,145.8449626172714
84,-124.38661331795358
135,120.89858933172385
129,113.88906146042495
114,156.0041760857764
126,141.10975259208985
106,111.87545944748408
111,-164.8822320806697
155,126.47754548897251
206,64.86559683121463
133,-178.34539691254852
93,111.68269849454862
141,153.427409144836
131,25.259225246826002
132,161.0686546214472
107,114.1042082922023
15,-87.2144326493272
72,-71.42998561722014
115,163.08951494910875
87,158.13795846399887
76,163.5817268620144
84,141.04572683219382
97,-158.63928335718867
109,168.42679291643137
80,157.84777092573967
121,165.45733909407997
72,19.937062166371216
95,140.00154806441273
141,126.22639682618963
140,125.75853360127469
132,170.6464530427778
107,170.17418732598938
106,-152.76282631818574
92,94.37013440613454
122,129.0801530368398
146,127.16665731848705
113,169.72230384286738
124,144.24955999551563
104,156.15381397280385
104,157.9321687404797
122,139.8748286518932
60,71.83199575525832
114,108.12280238151436
102,-153.83632785327768
134,-9.89426267053849
74,99.12141003513987
127,163.93396971822983
132,153.2245974395478
115,161.86273359753625
65,154.76494836373607
123,121.62458696315998
101,122.85283899733642
115,135.97231231106326
119,-146.58803467169204
104,169.3797224919148
111,151.79665050133391
123,115.71231695690939
113,141.81917933733723
114,97.40044587192698
123,135.42745076951448
105,119.63264132158628
167,100.95242541993927
117,-104.16256185330413
150,123.20499831196945
114,152.09123037862048
129,166.23076291458824
98,162.97375325058016
101,-161.7591366121143
118,170.68238759623466
95,-162.48564387324728
120,139.68753330898954
112,-151.07332727234376
129,160.87213294603603
124,171.1046233281486
152,135.72038509867198
63,-96.7952008898632
87,150.30955065726445
108,129.8665628013514
101,158.03824010771203
122,19.664845287581382
114,112.48511483015245
116,131.70270353978964
88,149.08137783407966
46,172.71789418388013
50,136.35875957329623
137,156.20377929329385
41,-134.236204439824
277,-66.08178921200016
102,-161.57363446703138
141,132.168720628221
88,125.84947608999033
110,145.28286093650343
151,126.23852553764316
139,130.56751536479786
12,-61.79855431465699
112,-151.55947772551383
116,101.75848654557684
116,-170.59329809684817
142,128.280154628497
99,168.0600863837454
72,83.01595976458087
113,121.76778625546272
99,143.29582546075784
94,156.64971075483692
118,123.80561785330069
140,-177.85605274361126
125,134.6887092667378
118,123.48640694641074
123,125.90998573736009
87,143.92914485629956
66,154.950891599076
139,173.11033907336628
65,37.384275780738015
129,-152.98690639801478
67,-67.66948681147355
100,101.63958280418338
64,142.5317118602645
81,32.99307428672721
71,135.98837435481425
116,115.45018210317424
109,142.187069666936
116,150.40128705563387
98,164.87016573758603
144,151.59433434741277
123,139.85764492034008
104,-155.87447198791284
81,136.6260330759727
102,-85.97506243533144
104,93.02966856530962
146,142.48132023537212
127,159.38803078561128
78,97.10998569841183
104,99.6443870016907
117,132.09674438251105
133,135.01987721915367
198,-153.8173552586915
117,149.47966594073716
122,171.96359786271753
123,163.96732736101225
93,155.89341876403327
112,151.87782280728703
147,132.26541889753022
120,-55.41749570270368
189,-34.58718671694536
85,124.20624762901919
150,119.61094655375311
109,130.0949462969129
104,-159.0607802413687
150,142.71402883645055
83,133.41359447599302
113,132.2862752998205
108,141.95995499338156
138,143.47796810710724
112,-152.94144992965036
74,148.5688643462705
95,-38.51133583303335
315,59.3352438809143
140,161.9866221944361
10,-61.452305077795614
85,-124.99639121917275
123,149.97310914608454
94,161.79485338510014
136,-151.89839506814855
115,-174.76878560993154
117,178.00780105631924
116,172.10040995556346
140,130.89806139651546
81,161.48010046225156
84,-158.5310482977647
94,-168.3274182657634
131,161.65184665555512
108,142.84090919944947
116,136.2781799655514
96,128.78522876374868
120,115.19823271731038
134,146.5896211734326
78,151.5595429395141
105,146.78471946351334
119,158.65180222040846
108,118.75632443346855
90,-29.44436334393155
124,150.6376797108233
126,123.01260384903289
141,140.1196649767423
99,124.11367306592149
80,139.6355022956433
154,122.99738897741825
111,-155.87549534829202
134,122.92524769017903
114,122.56050244726651
130,163.79682315367583
90,152.84883529545357
123,176.74244498231693
91,126.35798615201722
114,-43.16989798898236
108,170.30101870261595
163,161.05872244246916
102,166.91565203872085
109,118.32389086096477
220,34.28260090779775
7,-69.40096613418406
93,91.11308008827443
128,119.20795243412877
94,7.179160799032493
119,139.0622871902707
107,140.27381512105833
102,103.70894588371264
56,-155.20830893397346
66,65.82783720030999
114,100.95139383612735
111,121.46978982137105
307,116.07044858480127
92,113.84519357940698
138,116.48964145199973
87,95.47948028059308
125,165.55246235603084
38,-116.34886716515423
104,138.53281102366466
109,-169.22191910115853
133,163.83225132856887
69,154.08844327948074
53,134.70470915370697
110,110.62883432738353
82,144.46686080808885
71,26.830851206246503
131,-176.18854767526165
102,-96.12985194609332
99,100.98849546765085
95,155.25941615859566
128,141.99777913033864
70,154.8961332005967
91,143.30756619955423
129,163.8142203653896
107,133.36214360640952
129,-154.66237961622417
105,-163.7192499589634
108,-160.75817810604744
154,145.6695492012144
96,112.23174104888818
115,137.26926447770626
93,131.67135441663478
116,3.6019420834550635
93,130.8779851509086
267,174.82872982103999
128,140.2792776353508
132,-112.09120139665949
116,-146.67327246517058
113,146.85841822110584
86,158.68964307398457
107,139.30652290404518
81,96.34830537493266
114,-153.28573517091763
130,150.52538591549578
108,154.35435781269976
120,-104.75565972985855
142,136.24045333656053
82,-66.88994830184382
104,98.01687053773855
135,132.82343311490686
106,146.22662226844204
98,164.12156282935743
43,-13.183919060599658
140,136.76819147211867
134,122.87780766115549
107,160.63036062716515
121,177.93306015744346
95,7.05793603201094
70,73.78832864006775
119,-147.05921315821772
109,158.20691966759583
110,29.660984373104863
104,-154.7612738845673
101,167.84090614695026
110,36.61528721224548
111,148.07063284826705
93,-166.92499155247347
112,159.99155489647134
87,95.54764359395514
118,118.7533451856386
108,-155.54038998397067
113,147.51536402380862
125,-153.57827309785773
70,-72.10090904005786
103,101.79585501461007
105,131.27025251009573
107,-154.73501553303518
147,148.37931354273613
103,102.51224082717603
120,129.86274485668818
196,58.17720821842378
84,-110.1108997613643
106,-154.2665276836889
129,-126.1044521040474
45,122.54831848237517
99,135.9523322383262
106,-148.77150994682648
105,-90.28990630713236
112,-160.54815390811368
97,166.38061388298811
102,159.772138523272
106,102.42482657493439
95,-23.12792560404026
119,123.86436908254333
96,99.79447127791123
126,-178.578935398569
127,164.34645054797423
75,153.3647404563616
124,139.3097838037406
108,159.8532343076645
86,132.1494768372728
117,125.86164883209082
145,121.34299443365448
72,83.89295442859039
117,113.47236770097709
139,140.46201322545946
71,147.73884941626605
145,123.97374773218972
134,146.5674141902644
120,129.62713110403357
142,138.6264713960729
112,105.86798170461637
141,156.43230735181422
105,94.401278951271
86,-156.65225539152462
99,-56.531637240578895
96,119.30535043553114
89,90.96968371563959
138,113.07176117973822
124,175.20814065934536
73,163.40082855939593
111,99.22953236735098
124,149.65967216957006
151,150.00835566388074
100,125.57159928831274
114,111.04390057022397
103,149.96215189803817
128,114.99130593708841
150,149.13898776932675
105,120.65792090658688
88,102.00741099623121
158,24.62938486038109
109,-157.50295249246955
120,153.74019840016928
122,154.5809473814546
108,111.90326719042774
44,136.6519738960074
145,144.06676638337436
95,156.6147168155309
116,99.35589339141195
110,144.13101541642857
129,178.1646590316454
141,154.46649780949582
113,-45.41910654306788
108,170.67798829978187
93,156.895504364163
89,144.02255982293542
61,88.06640318254756
141,148.24735341013366
27,114.28521639273036
143,131.58085045855324
6,-65.2640487638221
95,149.4209373668911
106,-162.45262864398072
154,134.16906709276446
124,129.2354220870252
118,178.2764623511504
138,-0.10048485659341198
128,-143.28309192607918
119,-176.87076777326146
95,115.36809059085478
102,119.50072311970015
107,133.36767042022726
6,38.790847882450066
109,128.82193420899335
121,108.43322450344535
126,143.7776354339348
108,162.83474065888453
126,-136.39683552826952
48,32.65717870688225
112,-102.32016906011613
98,101.60772167712162
140,139.65032572117312
85,153.75815285729462
97,135.20977633191112
127,142.0349380045468
84,-24.71170685230881
156,167.29136832725936
131,123.57662251215518
118,125.63329310988216
123,174.23813715816044
111,145.02251512588813
99,164.17445920055042
128,173.130007617455
103,116.78577909637767
115,137.8165101513052
7,-50.15225223636024
103,98.59139491190635
115,132.73004342490796
126,-167.62217844566646
106,111.6940616996252
133,168.72083065966882
142,-178.3761809777494
100,40.952968983298874
104,32.893638085001356
127,139.3668525659895
96,107.05247836403979
152,133.25141993216093
89,-149.65307679604294
93,112.61659362970936
66,157.14708708674496
108,-153.6847031761893
145,-176.42756872200496
140,128.91449143919098
84,146.80214058317262
117,108.00423627871947
118,-154.71804084030578
130,113.09331871104975
133,117.94800458622822
8,-118.03036369249088
70,163.22698120459344
101,-155.5800697969819
90,101.71927320871254
113,161.63304282845777
121,152.3576681634767
127,164.79277926802308
101,-159.49359823971074
89,112.38644895584972
128,-41.66860604381823
101,-156.0496569319718
72,163.75265909129615
59,136.753671168209
103,93.24978180087187
108,94.08383182909799
145,116.39013506856445
129,118.595281886621
132,169.07746985059077
56,147.14370929607466
109,168.13791451288276
120,178.27901660603646
112,107.91417499767898
135,168.99056605318074
81,162.49611720777477
94,125.48758660395985
117,-149.94378336658167
89,149.59742500230024
119,-72.69292031717964
121,153.69105790614552
201,-166.06370239482087
76,95.53676298300232
106,-1.8336616901881673
129,138.20687534338734
82,98.65576991826934
104,132.28935611075715
107,144.10301852614813
89,99.32356468133811
160,29.794598888260058
129,159.8392488795538
99,-157.94064671049247
120,134.39430001361532
77,145.5707350166293
98,126.59370858424532
87,-35.377669873074844
118,-132.651379021428
100,169.85896638477954
85,-154.10046224217575
125,179.63607391912888
138,119.49372897294805
77,144.31840887693645
125,141.8210516784987
107,-174.90622765633256
94,125.95407393398182
96,43.95017456106323
105,102.45570136145288
119,145.40681510166905
114,112.859220206084
136,133.34974588768773
146,134.4326054196104
130,165.01397793038453
119,107.78064157315112
71,86.2987632791076
141,-154.29503847134765
113,122.23564152905695
77,126.50824552615065
111,121.80434845402525
109,-165.00260239945192
127,143.66920980872158
102,157.664189025311
120,-54.62928863615924
52,133.9469676624804
105,104.55932605558733
90,-123.71994033096199
141,123.23580202379418
124,139.2911301457079
109,92.33446209711241
71,85.14987017383302
125,-176.5205132472521
85,-109.65648062637135
106,98.215373215658
157,122.56128925879939
85,147.11566001487625
106,107.15442503464914
11,-58.61100228750951
110,149.32157305538087
93,156.89197899267998
67,87.86298311418453
94,104.77962015268193
45,133.84181831742868
31,149.850105503509
220,5.785187516650691
132,127.64881818451722
54,-155.66324145384968
135,-178.60312841844407
88,89.22383533572275
119,-156.38495450788173
103,104.22140804857824
124,146.02474930953096
151,52.67565041456025
99,130.8748897774552
137,171.2260511669038
85,-125.39409449651784
113,132.87486455640735
144,151.52701257794254
140,120.45993590377941
110,-161.26606039427222
116,-149.50546755465473
116,-167.97873688516603
143,125.4547153048448
151,146.82847335550028
105,164.9772223969182
100,145.79889732378464
136,133.2385907965874
112,103.79423198770705
49,142.25172819101377
94,96.1101286542097
108,168.8064163658492
63,146.76014599939884
95,118.77750740515496
43,124.82659745529821
139,-176.5188409243978
103,113.62401012181024
85,94.47032465794068
119,175.32110687981785
127,121.23332902915173
103,105.53754939951189
111,106.49098514608937
59,86.08824444577795
132,154.46243016410372
134,139.8770369637617
100,150.56997655880812
117,112.33730141483777
127,160.05476333386434
150,135.97590723989933
88,-93.98633528683509
77,154.30247941477649
84,153.14709185892545
114,115.22811729866908
103,132.22494262928782
104,137.06674692778103
103,113.22609929093558
120,142.51298960228135
97,146.7176345278843
89,143.61821264473755
111,-145.16372898509957
108,146.43783221941615
58,-31.030111666035385
123,142.84829539744726
50,-172.75346986134417
135,117.44775599784053
76,163.13238740839722
92,132.5397815698574
106,-162.8518180898222
117,116.31390674205223
128,-178.95382835063498
145,41.969273263530134
107,160.98996109092812
111,143.52607535470068
141,157.06389305539014
131,126.00833267396733
83,145.66870078968418
146,146.36589288751142
115,112.74272092772908
112,22.54205249767642
141,64.83958041420267
143,129.1633273460793
108,-160.0687648851466
148,150.22312947045978
240,112.68979355679654
100,158.30680650155165
107,120.12190341100285
143,151.0054397215233
153,117.0280863731385
105,132.52064128093178
113,105.4319751940661
124,128.77163658431994
151,147.9797107268745
131,-154.21833342338346
126,158.97884085868768
132,118.52619449603206
62,-79.27404559739792
116,160.85596330229274
112,-2.3626529326897225
83,99.38845914424918
84,-109.45178526009833
100,153.49876144227875
133,-176.46079727572376
99,-155.59333503933678
118,134.68779286768762
84,-159.11319480710074
93,157.05594278012754
154,145.1667390078388
113,159.45530323522763
105,-154.12391772929897
111,156.7446786227082
72,151.29334218971647
12,-71.120029526936
142,124.22951516910175
133,134.9749673676071
119,116.51630960419429
81,96.55747113552583
96,117.78560820780359
120,158.9330185562979
112,130.60200333399476
117,129.65981011387194
94,132.88204700194458
139,154.88945456208
101,142.2852526593089
124,165.15620263120613
116,115.00307055913586
132,128.6750255409489
81,150.87254435948387
143,-43.39300188644249
102,-151.71411577911456
166,156.9267374275361
105,98.0527790727452
130,112.1033126676753
101,158.6504958019022
80,32.462595809023156
109,126.02798810237529
95,92.66537672941672
109,120.79682417358669
84,151.6210332607976
146,64.30272473642543
141,126.70802315582365
130,145.85694451296823
112,156.17920800378897
131,115.38136821301879
132,123.78183877696382
67,117.18100463808253
116,-147.5595361025962
71,-71.16994120744985
91,128.90688847043967
118,131.08495410264658
83,129.91706494593896
107,153.44485479381242
143,-155.10976027807737
79,139.28327644115979
114,149.21038796751952
83,92.14363931592234
105,-167.09053724619073
137,166.99812537234862
124,128.98055246963395
79,169.9621111464238
45,121.43565249785323
124,150.1812602244667
119,-147.84192876264768
86,98.2515574570518
94,158.81304366391345
56,152.17175381886483
112,-163.25324906711091
67,132.36056347174977
94,138.28236096747986
62,64.64859230567181
110,-158.46278761983262
129,169.21781621738918
126,143.87171503258776
116,-142.48868948568438
102,157.07334306193374
76,148.85865953073565
69,94.85067112484272
127,-150.57809193611925
119,142.80168162332492
107,102.22001279426901
117,123.4920312064308
130,159.28318098339852
69,132.11816497372482
96,170.4099523455822
95,109.8600736731156
85,153.87397614815333
63,107.85485597809138
111,96.97095550010742
109,150.16911382959427
117,129.820696803103
80,136.05800051014535
69,159.07342118603546
111,-137.70383458349937
106,150.69036895954315
145,122.86838053926195
124,133.2137458321442
73,165.4886531274082
74,169.5067783984863
133,145.68742182225387
91,141.99946838494193
68,154.3972751092086
108,119.07173127771827
121,107.73292128525028
118,123.14768025510436
96,-160.44130875110457
146,151.28738260629854
131,120.02369388665201
133,169.67521796913647
112,-151.2536169258997
78,-91.50760866459191
152,134.2413384800008
97,165.33034031536465
93,-70.17946629265059
167,67.05547124485953
86,99.30354980175912
141,150.1042255089538
105,138.78341642014001
142,125.21225547342785
103,112.64462456310132
142,175.6863019357991
51,127.22832581710402
96,-52.136170716152314
118,131.75164655593994
114,136.9155769073786
117,108.28220705847724
129,-176.8868876274404
65,146.66244407766726
144,118.76575952600861
107,-148.7253244153312
104,-162.8720222971621
119,157.6991117892201
67,24.183412765824354
82,162.0858064271789
89,140.04594480970616
68,143.22665927268085
114,158.6124316914467
119,133.10285704515186
78,-123.0180008673866
84,10.954578133740576
70,154.61184150103006
122,142.83339320250113
86,105.1265112817222
124,172.64376442554476
145,-158.42535580733838
141,66.58911717240672
131,134.82846487377165
121,151.36171417157573
139,140.3763150161689
121,126.33772929328669
115,157.2059036841406
133,173.85343819728527
118,104.93212792703247
93,-55.0284992968138
99,147.0216977800186
71,81.51756052625045
47,127.72292221104982
84,94.50132331243765
64,23.111061029630193
138,139.68591712719726
141,123.23932991205685
97,99.89054733873934
46,-147.6062620324461
155,142.66303128417573
128,165.20957130751228
172,177.4627693398469
101,90.45496346310479
132,-178.11699667557528
103,-158.13806590084312
93,-121.74229505264536
139,161.82535340484216
91,-147.0313115739238
120,133.9963605743499
105,143.48265360523067
147,118.20184632545782
119,-146.74681566784375
97,137.10230335415446
120,153.9032826408057
116,114.05390926328374
130,150.2185547253623
124,133.38242813302995
87,128.33815704601895
127,-179.19253745543259
135,128.76242365561473
101,178.62201438972872
105,-145.8966019276369
144,123.49051532213014
141,173.0224714979178
90,100.40344353340028
98,148.80307047764884
141,152.52293992367575
113,-152.59598861467757
135,168.8164110097524
104,-152.89652576706138
139,121.24193131979634
141,132.66582601353122
88,152.92975763285486
131,165.54508139822448
92,120.49912346862212
109,156.2933209926614
74,147.2529961608593
104,137.09046536459363
87,35.23014017285691
62,10.8964708795266
118,-153.39334648124623
135,-176.37224163401808
78,162.17587773789788
108,-179.07608410722875
127,162.7762538717019
143,118.05842854005091
115,153.1919086038658
106,-105.74294072303815
144,-49.00210308125961
117,104.37880595814802
148,119.11130331367222
116,148.3874852482029
143,144.27067249722754
122,161.0720614830703
106,102.62198783230582
118,104.99332222866624
138,120.52483594898621
139,154.38063477836818
135,153.06975380821288
107,159.9155372010225
197,-143.33787351314817
116,153.42347465179589
121,129.05662655669434
153,146.56454819853806
109,30.4557991671096
91,154.13333384066937
111,152.05892425937918
66,-80.87027189746996
102,-160.6399973770793
145,-175.47707451435778
95,95.54245571618118
110,173.10977404499795
126,31.181176517796217
86,157.32931790100852
142,140.2501612918982
86,138.61050557438313
150,124.28727636396005
118,127.2592113088387
139,136.22399410753013
111,165.14340578724153
105,167.40447585446097
62,-96.58713041691192
97,132.4918801896342
62,-95.82818391593564
105,171.33029586491753
118,125.63456432307082
137,172.5810391212569
106,144.9683082480729
108,94.83669191501244
126,176.01192138578887
89,110.73535413505876
107,160.74169549568032
48,128.10175567902596
106,97.88042054203952
87,8.587488044485077
131,170.00298069910804
106,150.23532295889473
135,-178.70661271439738
100,163.95126741269925
104,169.02322732075015
81,-68.67175806633007
138,133.356609920611
147,119.5494878081533
84,-111.26244724525934
116,-147.80063507588727
96,112.435778422291
197,145.4728022413616
140,174.41112892740824
113,142.9219510282375
146,-7.498301604982592
135,144.75727235738393
95,129.2160275085831
111,113.21461859928242
96,43.82638599119957
117,-153.51094412747952
75,144.97358927205207
101,170.3169570908076
122,140.92541742238757
128,170.04985603127412
123,-150.42833450288794
92,159.73591599845616
97,-158.30467089319023
193,-100.19500939332637
108,150.21775206182215
138,133.4242198291462
145,123.47783823089611
105,110.98847325815605
113,164.32589464486173
95,93.08967776164442
166,153.04702145571906
131,119.3530009793192
96,106.93132041604903
101,158.9351046281054
109,93.14622218898941
79,-92.03289057003094
103,107.07453890799509
153,152.7167088651816
102,100.11876397580299
117,132.5586323309254
