113,95.79914372536108
97,131.19639780025707
131,31.772326139543612
113,143.96886624978606
81,-146.77944506197232
77,-105.57377907012099
82,-150.7273321544613
102,-32.54942393476811
103,25.387506203782262
102,165.9383733993878
86,-135.45148382447545
101,78.85169052880262
105,133.43872225894256
75,-116.21468544255946
90,-65.54434270324171
113,90.68696199892537
94,-68.74919925690354
81,-146.94735572085833
126,-145.1477000995547
104,-151.62076258914308
71,131.58822653711542
108,52.48420711816955
90,130.50314353340536
90,74.71152333782148
128,137.695094170158
74,-18.44722481891735
88,-143.3590718249826
81,76.92553838199055
119,-148.33381362641987
71,-71.22732537712783
93,-122.67912901756732
72,-13.998603891494811
101,-153.2069629891894
96,115.94202783867618
72,-159.68129043321636
106,169.26378549419042
75,75.9226298959953
108,73.96251859237518
118,-145.68566614673222
86,-67.10067458038007
113,113.64420399068193
126,140.36533548210576
104,133.83006288083953
101,167.9654651388564
101,40.630067111027884
103,-122.51925169671611
73,138.72870371812414
95,114.81030329213739
110,179.25682692966635
118,144.3271990813129
98,15.468966814171827
99,130.69889195881626
81,34.659804269500356
85,99.46519992630235
83,-118.32937239983642
115,125.48052853856404
90,-173.34056864850209
66,-169.93878267416935
99,-176.32087180684755
102,-49.123671687923505
116,-143.82726409174987
104,167.27888528993168
73,133.46792624317507
76,54.51569952619767
85,173.27483854079975
98,-67.67442022295135
86,-125.9718815082794
103,47.852517890401195
96,106.67601670315982
136,-146.41121366330347
106,168.3337753762002
83,178.43625438223816
117,-78.71499128483124
65,-162.10917251017355
82,-56.4481755098717
79,-113.4419426361512
124,167.466621193195
100,21.377339951690878
94,135.7286020509312
129,42.17623796067818
87,30.14498220516379
128,-4.362960444954116
72,124.37927157723439
85,121.42328445343013
115,-175.5793604145354
96,-7.140264882263866
140,38.98786664317704
103,-136.93940742359416
106,23.638076808322378
102,38.15230292011597
89,-141.08951247806365
116,-149.15866404224244
117,162.972019811153
100,-52.865010121289714
99,159.46937193360446
111,-139.89885697359097
89,75.8226463910651
76,46.938972535755674
130,-29.790176154345875
113,74.0987273370622
98,-171.37323762885072
94,177.79699141201047
81,116.74512196512926
101,60.05871729986429
70,-164.20599425864248
70,100.78981703997162
107,139.41060125419472
88,129.57842376132567
91,134.28591496546557
117,-49.723040440693914
104,-149.06462563934463
84,59.840942016688345
72,115.46364102134929
91,-160.6210528431404
123,172.75366035648412
91,22.192842215360002
81,-75.21208583352166
84,129.78573637445
104,-136.2067792379857
73,-16.427551508705744
90,121.04123299442426
117,93.57459879451952
65,86.8663326979905
77,39.364948378358996
76,37.533500281259535
91,-162.71281431891026
80,-174.71618606572386
68,137.2555003234951
80,141.84375676895445
56,-171.3183702587434
101,167.32730516769035
106,35.03757465635263
66,124.20334963978216
82,-168.3222906404918
5,-128.95856730057255
107,-150.3184364135494
82,146.38949339886386
108,132.1135498266239
106,73.51558178584155
92,34.91485927304117
66,162.04621686240202
79,-115.19200633804846
92,50.50998447649191
87,-164.48910343017164
72,62.52754725952892
105,-157.62802174057472
102,173.5816943768863
91,-177.68062493278808
100,107.20859304714907
131,35.71535498283359
78,-168.44343146749986
89,-62.21077731057097
74,43.120745541676996
73,34.13019024825661
81,-137.1920234990737
108,-116.95456631314366
71,-159.8443823568639
119,99.28342487703176
79,158.4376647515384
73,137.27496774799886
87,18.986899192957303
91,-165.4314182410882
91,172.30426848814292
92,-31.335149126727924
134,-143.06362843400524
74,-175.14480224143367
73,135.5988251643427
110,120.55908635980747
94,13.548177869455504
75,-171.4315874972058
96,159.61314958126468
100,-162.71036067327123
81,164.9218320814886
107,126.94793204653493
92,24.628569472601832
104,179.92724867226278
79,-139.7218624461137
71,134.2311220002058
109,-40.61376425070445
116,140.93667041400468
88,-60.93746822730189
79,-175.79527156717253
94,21.40123030346277
94,-87.79506107703115
122,60.84042340757752
68,129.1398428015925
112,-174.53762415437853
85,-13.619459540271293
101,-63.359789363350615
89,-92.10948889803561
100,-0.7523377060143493
95,-20.532079601535006
103,-103.14875414803556
98,-113.61018884962596
142,39.462329242905135
124,153.45379918904106
89,149.08005160084764
98,-5.245990968491034
93,75.48024791013894
97,-65.43750870982151
102,75.16761777823173
97,-65.41157284679716
63,-92.54665130288012
99,81.14790901498883
64,121.71670119972781
90,115.98580591430813
93,-107.5668118086892
130,-51.64074558853336
73,135.55897875256935
122,-150.21714361918097
108,176.97179120917767
113,59.39778111791988
107,166.00635983945287
97,75.80558792759311
100,99.40926583321355
138,33.64453566217777
122,-146.45452979564146
108,178.5851584729077
67,122.21253554009762
67,-122.13655093170358
102,-137.18880961978772
60,124.73723879052342
103,-40.02887250201078
82,162.777276226915
109,98.67010877394382
95,178.425505777936
97,81.33391756031837
84,-144.76735282591704
87,179.7429775258935
119,57.98464336495803
89,-124.21618244128936
89,143.96738722908037
109,-32.504819000301914
86,174.51964095635452
98,154.2950374776401
89,175.79576714399948
100,-27.87312605258486
89,82.02434281954632
112,-123.20883471580635
87,147.95020490570886
104,137.7773750501788
107,148.18395202685144
113,-135.12238677517533
73,-133.71295785206087
116,-179.37731694866258
83,75.14193072703272
128,-167.02009998430364
56,93.26165132767643
110,165.03087566418395
100,-106.37161797939517
84,144.1152814763883
83,-16.78010825364604
107,57.69617999579968
90,-111.44975541197877
65,84.61680141526948
81,166.9622280030529
101,73.72341654978257
105,-116.88766969353682
80,-162.2385400407583
75,139.65586930585178
103,-179.48381999249384
85,122.55455728128595
94,132.0058246173478
72,83.62699712659959
120,104.43930776079641
71,110.5780678162145
73,-16.4148283281372
105,133.20085669404125
72,173.17469139067018
112,99.02355977003984
110,54.28574056472964
129,41.865405990300914
69,170.2218787474336
88,-35.12275481607051
126,141.42250082452063
65,72.20566946249605
83,-44.114535783574304
116,51.80810442695383
120,148.67215426136605
81,-163.23590589479383
120,46.06271149694698
134,-142.4050841068473
90,136.988210307856
84,-47.42168747068038
105,82.47117477284708
106,93.9090094752657
113,34.666945424562044
72,-157.43510149817484
118,86.53220968502472
109,138.45221775313598
126,89.8759344179977
116,-177.98207287378304
85,-158.39527235803615
120,23.97663238371777
62,127.89298337769438
115,59.76129272964705
100,167.16646615675327
119,-147.36433494305723
74,-170.16069734147496
98,101.24481082760474
126,160.89797338622242
73,107.28807944140051
106,12.415096880809182
118,54.56051066469107
75,46.93809512164499
98,-45.599622196368486
127,85.86017942927528
113,-133.33504820148198
105,-175.5640994509315
90,-69.27720006721947
78,-117.08573706079649
97,101.05960046600153
91,-177.62747363062897
80,76.66138898940592
116,-129.1537817121152
71,43.94044314976093
101,59.312169595717826
105,135.0873764108877
95,-163.32113864295718
76,-157.05480169040368
74,-170.20886908674808
81,158.4052350794801
88,152.17912821592122
88,-138.43978269786197
104,-151.38799037842938
91,-12.476198404726663
143,42.3416060312994
113,120.70560001349426
121,147.18248122722008
96,131.16635676685982
71,159.88953302073293
101,124.79717074060954
98,144.67595741834242
140,38.50096690133512
122,58.87565126813411
97,36.17742488799267
103,-151.9919329816448
108,169.02214612167714
113,-55.39198498750938
90,176.18122475995224
75,173.17132081292394
78,113.88266178587233
110,-131.32408250090975
110,146.0253491781652
102,-153.57857993625638
104,-161.3114647161772
83,-117.82741173723636
95,115.77886470243008
79,63.64693310629108
99,165.8085551281363
86,142.2789578459518
97,20.523052996457995
87,4.386482391897564
84,-119.78729570904414
93,145.97003519504216
110,37.534496791510925
101,106.81232138581827
95,171.11891340430503
72,147.22849225613385
72,-151.70087385555217
78,158.53299584817884
97,143.19517548814096
86,123.31742421716228
111,121.01711235783253
94,114.1157925491134
80,121.48577345258865
75,143.91885084903473
85,-93.6207456009082
94,-105.19148984725103
90,-88.7560507451757
81,116.34616813927315
105,-122.30047446623928
92,-174.27768319346734
82,164.48306171678132
98,45.215245696165155
82,161.67523342017478
120,-146.54988479392773
110,97.33635343814596
75,-156.7423622821474
83,3.584874064698746
73,-171.1023565659465
93,-157.37197733152342
109,35.51708554276065
116,-119.38950794447035
95,75.5109906778711
101,-124.30100783227542
99,-58.92975331292275
87,147.3621320563384
93,-9.961337429886063
109,97.03482921760947
108,120.70936875291076
90,-166.91725051237904
97,-10.033529301790976
83,30.764873978993332
82,110.9144463742558
117,39.44784126010798
99,-169.17212789993388
76,137.1097642644104
75,-120.38502216017574
104,-176.65143210943774
78,137.7440371340655
138,42.38365981451892
88,80.9076399164907
101,-54.23981487149798
75,-147.5246209814911
82,76.56989182620751
126,116.27815392188992
85,170.18735939091064
99,145.27222319670955
100,-156.26368433007238
102,13.73756286813946
88,41.27409186952419
77,-146.27693321369279
96,-126.10377348545666
94,140.3478305514085
87,-127.71160582145423
107,91.45761292579817
93,75.01804836518805
84,173.5939156442966
83,160.33332623140416
90,166.1771249365923
110,6.888414095945023
93,165.99159137476778
73,46.98048484823003
112,-17.861335844405144
81,-114.18498659481989
93,165.58472318943274
122,63.46354749462642
96,19.507341006900095
100,75.66945660453527
91,-73.55853412547418
64,82.18794374213219
106,-135.75794166863022
105,55.55738213833811
132,-91.83566870605499
87,-20.774051579273266
100,15.592930677493273
144,75.65879867014037
87,154.3854970359941
94,35.15536339245348
72,-1.4549429277003116
115,175.49194997491603
98,35.581362123782306
76,48.505668158941724
68,101.24289203369815
68,164.2806069894611
87,179.33227940175723
64,-46.18216672472948
119,132.52478720672968
112,133.144946801219
117,147.79981919195222
68,-16.648901382609864
63,-118.92823553466562
97,70.38601641728904
90,155.0013299351872
84,145.88089932019162
98,-154.86150247879448
91,60.76356891248172
84,-8.301555445599847
96,-131.38691679789636
93,76.12783691527058
119,151.35589307191546
71,-156.48928939064746
109,-44.55207468595241
85,84.59698814024586
113,148.94482034505955
78,-14.137763858745588
113,35.95606872137552
64,-175.8629124675353
72,-129.07166883827983
94,118.69293805789827
93,-145.53986710166853
118,33.48320715114908
110,139.980603521693
105,-177.08792471404118
101,-49.45102127909154
81,-79.93280682352984
129,145.08216975114996
90,-105.2350394480523
62,-118.73500072806532
141,38.372094113334875
61,-32.57358487249662
84,12.539090501706418
63,-33.062694236072204
88,129.64251294976782
93,-66.3984513135486
113,84.05011863909179
114,133.90275751345845
60,84.56413508415217
106,123.05450763859855
98,86.04658270147773
124,-143.9991203737525
79,50.656842315934554
102,162.32179890885413
93,78.60172189272622
87,120.54551695317753
97,23.347146782143728
92,-24.279074817093083
133,-141.87112130808578
113,-15.086846925189114
140,42.39677577608085
58,158.38312619827138
98,-168.58622146093035
102,173.39974917547474
68,94.41403195905482
82,-114.37974355411667
78,53.25250214426583
83,143.37581997879371
75,118.11051264071074
103,-178.54851573805163
115,82.89305914628717
107,-149.7280021090103
100,-82.94862695231906
81,141.56384382148326
117,-126.34134779100883
70,82.09503802036969
70,138.14055514179742
93,113.1242232713335
63,-119.77481158644491
93,-82.35714823432481
108,-120.43786285883016
112,36.65160058762332
107,117.748887688739
120,-81.73115500416215
47,161.2693427902189
100,35.34422066478251
112,-36.14299126974604
79,-14.877621281382782
108,-94.10568692781625
118,-137.98293647623007
87,-12.301371574352157
136,-42.79382682916199
109,161.88418983377025
117,-130.25496867802136
110,169.4865877560811
119,-136.82693051137485
82,63.91885760172019
80,118.38264530484018
137,-141.2935713040304
92,-154.42564410664465
55,-31.376941072178372
109,145.9875968466587
132,73.7076422599928
92,57.73006695744941
68,-164.8386022127737
100,-118.70680887525079
95,-133.8613508485567
87,-31.52932464954959
97,-41.626364383211474
109,-155.26737277029682
84,-127.56405006462715
107,-71.58198027042071
44,77.01353062447835
70,173.59797851319865
119,71.95525757080425
94,-91.98181439651123
118,112.06253768736975
79,-175.980845745401
86,127.65676147125234
78,137.29697949237942
123,121.28301802889182
91,-110.42225840947906
112,165.99064468708136
76,-165.77352429085104
87,-83.36907390400513
88,-170.13417014192535
112,102.29615883575296
106,94.01597214885246
68,73.39243028148495
100,162.60925626294122
105,-178.18868139645335
102,-24.992726406708975
92,-9.031939729480008
72,-16.24033492158911
89,133.136458588867
95,161.84174616617952
81,-76.50776794062656
65,94.4244828422253
70,178.43953548634914
54,161.7661766102101
83,67.29532835868554
70,91.96496589971852
87,53.275306163381146
85,141.52635448014323
109,133.61185200367422
107,49.70247151170722
114,72.25035096399459
95,-42.62662110249099
62,11.81974569272271
68,85.12067472072886
66,-157.6249254525224
119,-103.87182259687978
94,-159.2591250594878
95,75.94853351837519
74,-176.37538816111964
92,-7.44742773702315
86,-126.32731984101167
105,-172.46859730444538
81,124.2417442412871
87,139.08114766419015
60,151.79787743350457
88,-161.51905775269307
80,104.0049964979942
79,60.47548848954796
87,74.81562273377358
92,100.27978042228443
59,154.76236422814608
99,-6.548509545711327
78,103.22785410398372
79,-169.2568222947146
110,97.14349971473908
73,135.3170329448201
90,139.4753454300287
125,-50.10073021902584
127,135.03445248348982
91,178.42271405485715
80,-172.8815875391772
94,123.55821539433607
96,79.38461248855162
88,-170.9834361504345
132,35.27205187091861
120,149.1298950724326
104,117.93153880845227
124,-147.58074906293862
80,-139.576688368519
95,166.89030451840347
85,43.17983186059896
96,121.60904538545002
101,115.72319313984187
94,45.39432901125673
93,119.88845951156257
114,-139.73420756714467
90,62.41589676146666
109,25.754527753674278
141,101.86773189756609
104,-31.829598667090455
92,132.21836919396947
82,14.048770765973806
94,-117.82904838249651
69,-102.32358707755115
87,140.61202195998368
90,104.33285818231178
115,162.7047772734082
104,146.58335445974635
92,25.273334621467978
86,-43.56506123917977
109,-122.10650817921437
76,52.67888290883996
119,80.61676464879929
103,134.95386087874635
93,100.31763513795434
115,-178.61955464803458
69,142.75330248793767
111,-173.6589356155947
87,163.64536452964623
91,-13.97714420139202
104,145.97272463801394
71,50.43731598375789
99,-134.59010912934946
112,-83.12880878291908
88,137.99064682487182
79,-14.338896626131763
117,177.0876367954356
72,139.11537506474153
101,125.03684025897742
114,-147.31142395177463
63,98.34481704092457
128,69.39654098601461
116,-137.40056611951846
93,-134.20434648368234
139,-146.1209863499388
56,95.07208079067108
9,54.46232220802562
109,-149.0800028647129
85,175.62500213908572
87,108.99381968301807
59,-87.34910147784078
89,-105.48437340489092
112,-122.20428811104162
85,-74.54470419251264
86,140.38860455460863
88,-46.466857508714035
68,-127.89346849581143
70,-151.52664176530806
89,-31.458520610366428
94,-127.30004603731086
93,96.38880281824407
83,-155.99169687418055
99,-79.35768822648734
85,67.11935430929456
89,63.45539566343933
98,16.88868008774658
110,-132.81722123096569
78,-14.481332518662185
82,117.57957001029224
118,-141.98674195887327
89,173.10511073357748
73,-108.12800943723639
80,121.86389668399396
95,-52.79262737182773
137,37.86192568417872
90,-90.33023498694268
119,90.98497746596635
120,-2.0724360345483217
87,-78.2784729854681
92,140.62308606351613
110,-28.611312549606822
101,60.54291848500666
129,35.09920605832973
72,136.98452566379223
108,141.50593181376777
114,-79.5706620664067
108,-173.66127655227191
101,-102.98570450680998
110,-174.97508949206303
121,95.03816999417123
89,-113.53966892822389
10,51.56502846864997
64,-46.347048016564166
104,37.335911903227405
90,-92.56264293740581
102,146.67477428406514
93,137.44386695996027
112,100.89440894528424
76,117.87282580210214
90,-85.43555749600735
97,25.590315073673437
126,-145.83160864871186
100,-173.0597158634548
118,94.93979579972194
102,98.71841971182565
69,129.1280588248303
93,138.73983851003027
74,119.96233985128583
128,72.7044498554478
81,58.60410294225312
76,53.5044875149206
111,164.79404847846186
94,-89.66208853786021
115,-134.05014833465077
128,163.73669563878747
93,176.71035183229668
85,-106.08933392411
95,-47.56428138184004
89,35.52013459659501
120,-143.7430594329891
114,-153.0037755921154
128,161.17204827798844
85,179.7998338664931
88,75.04892909086495
82,141.08100625294276
93,174.5424106509824
90,-125.24735511435178
93,-164.29115642793911
115,178.64648145554196
111,-134.5479309580515
143,28.766513928315366
87,67.72493244280705
134,-147.8266145465644
66,71.38556662934334
78,125.35705539485845
108,48.49056362774262
67,97.98936647411625
78,127.88810616010595
55,-74.74481768194616
101,-164.5941190851293
88,-45.138142833770395
104,-31.8222754482961
56,-32.08517780402528
106,-154.42156116855327
73,-16.396275446628096
113,-125.64302920762505
86,119.80169721020107
87,152.2827246304069
116,174.13466987960604
117,88.5438466846273
111,168.78472191204904
68,84.24189426883349
100,103.74656339538855
91,-34.62588297736654
107,86.51862538572198
86,20.95987914998095
99,132.68299352669075
79,101.90251741571855
80,152.7112808883477
88,-112.03804225051847
133,129.5449277437042
69,132.8094608291999
105,174.11215495046818
104,117.69436659622684
98,177.31347813386148
130,38.20382259559878
102,177.8248818624767
100,-44.087738064786556
78,125.25005957158939
114,145.96062349063575
97,-130.43289050486797
108,136.26657090178549
87,-118.04872026013646
122,121.73548029734187
101,60.68854699807609
92,178.8450858712729
104,80.39705125118684
104,-41.006781240012835
92,-12.866958409814393
98,19.0131326245626
86,-93.10842456266622
138,-29.85667529555263
98,177.00629446370368
104,173.73708961543605
92,75.47961747102073
95,39.46024235832106
92,-22.806046699554017
99,-101.79130774862175
99,167.40267343968748
114,-141.01244871060192
89,153.77642028889758
102,99.53094525431491
79,158.30442759616065
118,-132.277549346089
103,-123.19340096674584
122,93.72694241963649
76,-148.86028687660766
125,149.63536912663648
73,65.90307665459936
99,-164.6653809341947
75,52.85358981862245
95,75.56028374556357
93,-173.73173509724057
93,-174.5093611110922
75,51.300275537453075
86,123.9110128144618
122,53.46992947705586
111,120.88882776035858
71,139.50356498086654
70,-168.0304752819765
108,-131.88472176617057
100,132.86119256084982
104,50.16175659615938
143,38.95559081449105
82,-139.47407636989772
112,-142.18388227526123
90,53.539739514838466
88,50.64814849772996
92,176.82602241071595
74,136.09458516778815
113,97.50811767653893
92,129.9158876430065
107,176.65210146573327
85,158.36098637756123
107,91.33169591056281
72,160.57316223878007
87,118.52324622406243
126,-31.213063566565317
113,-30.215400110569362
71,81.31676250836993
95,161.24634826745853
123,33.7990318587719
118,148.43288992524205
68,119.51797940174298
107,-176.4731421939912
109,59.176342038030874
81,-91.29368121604426
90,-18.62128411957808
103,-173.785528124745
90,55.644882847591425
94,37.72241046050345
106,173.4154420301393
91,-162.30502190590425
101,-133.66587015122388
120,139.23738714771943
88,154.50557715516211
93,-168.91299597227277
92,156.2183453409068
113,127.0481693559232
108,56.69517403296004
78,-107.65156503164629
72,158.7658308651556
78,161.84137164964804
84,30.00339172570015
96,48.85470978099947
81,-176.50834344040638
89,-105.55172506796605
99,-78.74304449215425
87,-147.03658683783846
88,-92.77139545251578
84,177.8700680255623
79,144.18208735239844
86,-84.55920479402901
107,-175.7232380414587
91,139.53708937221182
83,-107.6935145518302
110,94.54221480826101
70,-104.069078459315
93,-122.25845127388529
99,118.05297300666113
68,54.478550543325134
102,74.78646184856188
72,-159.20797873094358
115,156.52956242894746
89,-160.47913994253628
118,153.0704311184184
86,134.47262927726763
73,-163.3229334472414
89,-166.9194860880326
99,-21.490687615964678
84,120.92196712113615
92,-176.33528612032447
68,167.7787959198422
75,-173.98018139381784
93,118.70525610653826
61,47.71720069761525
80,154.70662216863226
113,166.98151421038145
91,136.06190587721267
141,39.13156198294542
70,-161.1196862334541
114,88.32690942742578
116,72.8569054007473
93,74.90615923122921
103,146.6053812756017
121,39.047020483538546
109,-177.16121319561475
87,-130.40020741354846
54,4.279104458961247
80,-121.16808749870629
86,110.4651739925399
85,-143.40866932435475
138,36.72266819587981
90,-173.8787070441301
117,-146.12319634946243
114,133.01192612387146
107,118.31741677443274
82,-15.08702912235544
88,114.62229934966456
128,167.11480466180143
119,-134.90139423063488
96,76.86184297325265
112,114.84952836593386
78,-152.41205873624247
96,-92.49517634544995
90,-163.8928532043439
113,-135.59994468860782
85,-118.52520119707921
111,98.28587333822033
92,173.60855749573543
101,-150.79898987280384
81,-164.49795915966232
87,17.807663416213682
98,176.66766818693338
64,134.77692887141208
91,140.46240870029803
90,16.894796553359967
82,-141.972587849765
88,76.39217975567233
110,72.09621984100183
80,158.80155787254557
83,99.02851381559545
90,77.34946792237429
113,168.382427676357
95,-173.85024685131245
96,146.08278987657144
101,-116.93076979518969
107,75.07539713777163
107,6.097052950179477
70,-168.67970169580076
109,150.8210105021285
72,86.23685260602308
108,91.80338269160274
100,13.490587339455718
130,-137.78186135606015
100,-164.36824593249938
94,-128.44634892996993
83,3.9674870684421584
66,124.06140659623908
66,165.72396127417556
99,11.432101431327759
105,133.0973768037022
81,159.980605674984
86,-77.21322787398478
61,149.83512219248087
87,106.32228095337783
73,81.17001235697963
126,30.567313799762697
75,53.85554472844105
75,-118.69149938999671
72,92.27668225966234
92,36.20376885459673
90,-169.31679376358483
86,-118.69760786304099
111,142.26724245864568
100,-154.7770587326942
117,-146.03569782697423
86,-110.04104562496072
90,101.09790661609415
69,101.70878359428457
107,144.24349776938055
76,161.72612998056067
121,-134.02511797289574
95,-17.24198797810699
130,-138.14730121203533
93,-163.35646612202962
96,-53.09639026564255
136,-25.493813982522617
68,-101.79190662229716
100,-160.35320216007486
76,127.69299916507117
92,-14.45342613657747
67,127.46003476682623
70,134.34144783748465
95,11.77241835214436
82,-125.79358914060809
61,168.68467538744713
71,88.64936754731781
100,71.68834385360388
94,114.70848938019998
76,-34.721618691832916
113,-36.767140208547254
90,-165.18094151974768
57,-35.14335611626784
121,87.97774199843535
108,168.16220212304637
55,99.7670224637174
85,18.513647726304608
78,63.07792135620542
126,118.90244952676736
52,-102.77900944968712
69,131.3255055575562
131,34.298749708622125
59,171.5945032046262
110,-136.63404536442192
90,-158.646860117354
80,29.207940260409323
72,-14.971913010184567
98,-18.903659154821455
91,-30.323477386306244
123,33.65137818790998
116,85.15350370418177
89,-86.41346122886537
92,35.878432156497375
78,173.524465750782
87,112.62643945440394
82,-116.12805337676426
93,155.73291840688006
68,15.039675468225923
95,-157.04161179906612
104,-177.36421263393325
101,158.57668940880936
125,-138.83175937051266
96,-125.55208414421395
97,100.72203579132044
88,-47.7200579464475
81,-179.0575061281515
97,-175.43040018909508
136,-139.57986437949384
103,72.35640162490012
93,-157.85218570161857
107,-136.7620922303291
91,18.608123648369876
108,-135.7873475838678
70,-159.5742808270122
95,122.2653405891729
92,-102.38249150457948
45,-118.76459019351057
95,-47.86707061714385
88,129.66809656701582
125,-139.40938064599976
123,154.3462565090196
69,89.37590955955564
92,-140.99574130901274
120,150.48937678069453
101,-111.22922233167772
137,41.02893643360808
76,114.23584978541469
100,123.13295220454874
102,85.19921062916094
120,89.0507701356691
143,39.88436942600398
98,106.86131463710812
98,171.92199324060994
67,-75.54737701893187
90,101.68596185597671
108,59.191495158473174
92,-12.357008791381555
75,109.08074350668099
114,-133.63637689038325
82,-36.633664249175645
112,133.17156323296192
133,-102.57546549974444
86,178.51433287605715
83,110.66438017357896
92,-11.771313070142826
95,-43.10107196327282
83,161.61500082724237
86,-138.36150750352
92,-48.04730711035177
120,76.73958038431394
108,-154.29665607119412
83,102.42209476128552
138,-146.99547613755217
149,59.83573659781244
77,-176.80695085140675
87,-170.05466536233078
78,-147.78920217537043
104,-149.25572348449828
64,86.00482359634165
119,114.77061778822187
96,-29.890013369764855
110,166.77338356758077
80,61.11153226595434
127,96.7178362032156
91,-70.60405427480919
100,25.711695261841953
99,25.390810494338528
100,106.16025889974723
65,73.00749909612513
89,55.07945105795822
91,3.976011074038284
116,127.24853088141445
76,-115.89721114090143
56,3.1618209215880615
72,178.906599542172
121,120.29655980963165
94,34.55712282238098
71,-21.28706703496159
77,65.23394437286156
81,141.2666634917192
122,140.5560165624113
109,27.469805947083355
104,-154.80031435752207
73,37.69298219774538
92,52.61259724647336
86,-107.10117644532399
118,140.4559518084109
83,34.08859497795364
111,83.83792902857249
73,-15.921639656082839
115,149.15451925829257
115,-28.069850506147294
73,44.833472380094705
92,-33.97805674630101
65,70.10718157979865
77,-114.36378472142155
79,-80.287754160865
123,-144.8626841300873
106,47.92039593609411
70,144.95887029235695
104,163.60426048966593
64,37.000105904743116
93,154.82818957439477
86,-43.502863948098835
101,-5.230785777177526
106,62.80000397562631
88,-179.97892534162423
91,116.1020235793762
114,86.1047246395797
104,37.64712121673816
81,-111.16255900386494
117,114.69565023365477
62,160.91497407021595
119,-30.16259700379551
82,-124.25721421108204
93,58.383712707289355
102,-124.3549517460067
65,85.05429251027984
103,-41.34936186190962
100,56.47451207362691
95,133.15123715255248
115,153.53110786993605
101,176.7601898558692
104,116.78614352880177
100,103.59577243243412
110,35.591578626110135
60,116.8900835855069
66,83.47452184837107
85,179.24493127192252
78,-168.38365068099463
69,139.97767227807046
96,49.66998449145097
122,140.6605897784332
84,64.50718802656343
104,-27.685444100999316
136,-28.17883333677978
79,-104.56567481811142
105,101.19861556928919
123,89.10690695198791
81,130.2012731898683
62,125.88861388855848
102,-158.07205440850007
88,122.3774921645202
92,-7.501137954106222
109,169.08995807500736
91,-169.51179319508435
129,-27.312697035324856
97,78.25945677501643
97,39.05885751239236
137,44.31315161894239
115,-133.2672912808334
75,124.79716386238259
83,-85.84395558967122
92,118.26582410560728
138,37.7729572692909
98,37.900423964173996
99,-168.45497674220323
96,-167.73251731421738
74,160.16525353117865
100,-61.75190162965712
131,37.37028032347276
92,-72.8247709167878
107,91.17508272666302
102,37.50378013117778
67,86.90223591250535
93,-152.98415929069103
119,-129.34438827904674
107,-21.689940982807435
119,123.19624267572456
72,164.8973407252145
61,-119.3364601275952
74,161.9349274637237
107,-99.871272465821
91,131.57055688224227
88,78.83605193525592
107,9.402473851558216
96,-116.34046978462533
87,-119.56899464273324
105,21.861189253490956
109,165.37309300926242
123,15.147171222594604
106,14.629955736891965
107,12.16941041198022
112,-35.3801898157175
96,28.533471512784022
95,170.40837126337465
7,-45.487012912829954
141,-29.411546242410964
56,107.03057944386532
106,-45.310465409135716
77,41.82664193030358
59,-176.0709380320937
106,-25.093857700225396
90,120.3770687150856
97,-32.83183727627075
96,176.56809213535283
98,130.6075157758526
99,134.0107280652931
68,-123.3091234478282
114,165.37443028091724
80,-151.17245809911634
91,42.16252028060024
104,54.756141187740425
96,35.92367835716058
115,-135.88354935834997
81,-173.69468549745096
93,-129.8833767166497
71,116.79125146312893
109,72.64955716696777
70,-88.35169460431975
94,-37.53166852856774
120,-130.53153151962624
68,68.8341894863447
76,-155.93119237137557
137,-62.881722616883565
87,76.412222877433
95,1.5412817525617302
90,-108.75974241512243
86,117.5783192765038
106,176.17138046560825
91,172.243049453793
93,157.57773465863067
92,-167.61100997868743
102,55.40921809622423
108,-131.20600705953672
124,146.35183706191873
80,155.2393635044193
86,-167.3874380390781
92,-161.46434108119695
99,-80.25240528621929
106,-175.19751203326655
123,76.4781881625461
80,75.79611815473253
83,114.21889156001731
82,121.90866864500104
74,-79.99419278812063
120,39.76868693183023
72,166.2246798790476
89,22.60365109217601
117,-125.28657429530098
84,137.2132293744915
77,-152.8295897692883
62,-173.9422128152634
119,120.48673392295419
85,-135.24917042621004
98,-164.16260928811627
90,-128.86204147058618
62,111.01026207625719
93,77.3155689525349
69,102.9638459445527
92,-127.23192774070058
139,35.89555227986197
111,131.25140349710014
88,120.12286305962589
117,38.58282884175789
118,135.28196815057385
95,81.15620319144146
120,149.0564354036076
86,-138.573355399767
82,19.24479956219664
112,56.59266216080853
99,103.19015502192671
92,-84.23604623150041
79,160.8343461013408
94,-92.94974228644571
97,9.811838462470197
85,160.13239404370586
75,125.8704677945277
101,14.806541142043208
107,-179.0539588733544
68,-153.9999682110515
138,38.687966902199875
10,-88.08836383984985
113,78.68959757337346
65,97.29418872000919
87,34.28861954151319
106,-21.58965130736342
101,-134.10789758250883
86,45.48436994479933
116,40.18114648540338
109,-135.4107235764968
114,137.97719655676966
125,34.58769419472917
108,-175.43230202607654
106,-149.98492871021327
102,33.59326607103172
84,103.23886516179363
86,-176.09074992856623
75,-116.735339634755
88,-170.08673274607148
82,157.47972643285985
80,-178.75914038172675
81,115.751361288924
125,-150.08252947583549
119,51.86972028367513
70,126.00526118762191
40,15.046940623345334
90,17.008381680985853
115,36.71355488828252
122,153.63976871383088
138,41.17698497801309
119,138.67768620273122
80,-176.54523062276206
114,-120.51022434017241
141,38.41248211048919
114,-80.9732549501412
128,-145.1251989148853
83,127.7863790504711
103,-153.3195631175349
76,-166.11497634106257
90,129.27122923980502
80,-165.69623584290872
117,-143.53616160319842
89,-84.39879342467887
90,-116.17121733483738
94,140.1319862637501
88,-109.53903989371167
102,-135.5173361381577
92,-108.08305102551483
86,-173.99517827793713
96,-83.26526826051094
90,-83.27587398707622
130,40.029090574772646
133,-144.7022817638991
82,23.280389747621705
122,145.30316881219392
105,144.86859214472713
68,147.7373639226995
120,111.68487398567959
87,-93.32532296433274
113,139.51699263689986
106,174.03362305266293
129,117.93224942897417
103,73.04009939911646
89,177.77928064099964
94,-116.27626272305476
138,-140.77707346916404
114,134.5192266028726
63,89.68751271437766
9,48.184005503240705
92,-130.1854257880134
79,78.21445526761946
35,-111.06912329901989
113,175.44333714889663
82,-163.2747760472844
54,-60.05857832052057
105,84.61527696018096
94,-44.325279625054335
113,-77.57824578626067
112,161.09753235717895
107,-30.311761444339897
83,165.09780429342655
76,119.10895266297797
97,121.89129807638874
101,-80.9158149039521
109,54.04874935307718
63,73.09168453407703
95,166.13389560915587
92,-179.03781064159338
81,34.29673205266046
89,-179.5329488579298
131,-25.622733224771572
76,74.99978933374078
71,52.08474766681944
92,-158.10242470146176
73,174.54206069967123
84,77.57902872200258
70,29.043355922339153
102,28.755500486611787
94,117.47771721822964
79,128.7187052273564
131,148.47323336615676
97,28.093784837532315
88,-85.78066927942798
110,131.97059365370654
104,166.7701699613009
101,-152.62897115951696
91,97.69883641901394
95,-30.378061780093667
96,52.04978743885725
77,149.469206846263
89,-156.30420609454524
96,-101.0306068750924
105,179.0232246151181
91,-16.68561353874259
82,-121.34321985108647
91,136.71528474452364
92,109.45368109019881
90,-70.76847392287414
84,117.7195866244949
128,-145.8806948845818
43,79.6375174814705
88,-141.801715763642
82,175.38511662570383
125,148.00018712117483
68,-159.5494507205091
75,150.2577704156644
93,75.99820257183123
85,112.81761638602225
105,116.20929162365591
106,177.8902387028478
79,57.309474195741416
121,153.7457026519227
86,-138.71015846608458
110,136.66309743651524
114,169.87533116520086
87,81.55994576318237
101,-152.89806061935172
125,153.76806750409008
69,170.7184824180712
106,-39.09265083179222
97,124.72634934483604
71,91.64958189956414
93,-109.17681380715244
71,83.06957441860978
110,-2.887885770191915
99,-175.76112577619355
93,-11.638307491776938
120,158.51107801663457
118,58.3066403536595
125,121.37875978631966
53,157.20071628435184
112,95.09597655180707
87,-111.19420356340864
113,-147.91146550106367
101,132.64238947883288
79,162.73607496952943
96,77.17939758810758
100,27.360859940224472
110,-62.23867719843807
74,-157.39493679191236
86,140.16286968357394
103,37.398274361247395
79,115.1817619906421
122,146.06078729622175
76,98.98367736650027
110,130.39006435098784
71,129.79022561055683
78,21.104199152029246
121,-141.55759285847358
95,34.61005103308346
74,172.91924059722484
89,121.1983012937198
121,59.99294030665099
77,122.11146025679236
112,95.23105561732476
58,-88.48244136405435
77,-140.97996192001764
101,47.08972227227499
86,-92.35989472688333
110,83.04167268252041
74,147.52879002750552
94,22.557922423967373
77,128.04498279008226
94,130.43774531726882
81,-150.7694217289572
110,120.42456354093446
107,132.47510183145926
95,47.50271818704321
93,114.91072254872434
94,177.11702594019957
74,2.4533246238578568
98,-179.30346563104604
119,93.15677330651683
100,-39.66879582113654
96,20.222946323499002
85,-178.24926998143684
93,-8.940479598430825
107,134.2135060001585
107,-137.65107993822565
75,-105.62694439347065
102,125.20592345363404
75,-175.77864328603368
99,167.44048179279628
77,-176.37090441221625
83,52.680625815779145
116,-146.0008947256502
82,-79.93117847679582
104,-151.221539975073
107,128.7940461534591
85,-106.51262499633116
106,-38.3229664068456
79,106.84468386249127
71,91.109876564529
89,-159.36751063788867
77,137.3228273734553
81,72.3357085330206
84,178.90985714492356
85,-128.5397218377347
86,-90.627940339027
74,173.77291472399816
83,-117.33508647816203
82,109.74018479780315
80,71.77919486791926
125,-137.05576299506106
92,177.87498281814447
91,25.845303352178544
101,50.42817448637437
104,49.95591482050736
69,164.11933531211082
90,-10.277233438071548
110,-132.98623745465244
124,168.60702004411183
100,178.23766861212425
81,153.5345449404038
92,121.83893863835893
95,46.61515959434217
110,-178.13624884412738
71,132.661951624413
141,39.93388241298541
96,133.30245681807688
99,148.84330480379776
86,-170.30933905958892
105,-135.74520463558866
103,-162.67958575540064
101,-44.034301037101955
120,107.59069137319662
112,148.28350178165616
111,-134.87717747842734
70,-160.27008123356308
89,175.86717156884632
89,-104.71446824438753
81,155.48982419814232
106,149.15055542839877
101,-52.99868442465691
110,-172.07202904209873
101,55.61379715649885
69,109.79375914576254
73,120.21878032691535
70,93.7055356140256
105,-177.06060354379773
96,-67.74489976719467
100,164.02407116205723
116,-139.34081749671913
77,20.058121898457113
117,-142.760662541311
103,50.18636344646066
75,139.4137144916229
75,136.56731796815137
124,-140.13806481696113
125,-30.30463927121978
136,42.29237790172276
126,-141.36102988376413
76,-23.557968715864288
115,176.26261174907737
73,-174.4535707003139
108,135.11166069158608
90,-129.24684071866344
77,-123.60806998524922
81,68.11850890412211
86,99.1065690496848
65,-167.5436227156155
107,-154.82405606158304
123,146.55743708082872
100,-173.49800780287978
82,-13.541206868332822
84,-75.40934334528232
94,-165.68742228116056
102,72.9459719773408
86,159.51297002806305
135,118.4132670955704
113,56.224008490663934
122,-141.1197996122203
88,100.79573596866177
71,126.6336674536748
101,166.86508718321056
99,-121.16259459590069
72,-173.54986053443784
87,128.69197323551822
103,179.20263182970697
79,69.17028596731308
76,158.47194985631847
67,106.73721021358335
98,15.667665979125902
79,56.70521638174166
74,76.72123856511159
59,70.20881744931732
79,-17.749836723383634
77,127.14920197557196
103,47.687113703743684
86,81.91252000634293
103,-92.48420126211286
93,108.99576120402108
100,-125.47212188928769
65,178.87202544050393
113,-143.1133232127777
95,81.4809550891167
72,169.09734907683875
96,15.86331592603607
100,54.03021777548443
105,-176.46400186837778
90,141.7271721162854
84,42.65771985825057
107,-39.17252895447334
121,-137.75412926778512
66,104.90539004756046
88,129.09423738071726
82,2.5210660322749128
68,81.39027148816322
102,-152.63115893922173
100,51.02691535499983
90,-92.59631658865001
85,-84.79736750309219
100,167.84448322600034
112,-176.17469949976862
109,51.54533311416902
141,52.33890322087741
94,142.23909223172666
102,164.92232487859644
72,139.21988895822392
75,118.54210938888538
107,-174.13114415635897
101,-115.47683447307993
87,111.72648549159503
112,89.77983844954116
87,0.47482298045681165
109,147.49534139105245
141,135.19872099632684
76,-77.13236739364298
71,-107.0747733752243
102,-93.34766534521053
92,-12.487452111147384
87,-68.43501600476502
91,-161.91732756925848
108,135.0927482209949
77,-154.63614010323136
110,73.88586822258117
83,134.92922611776493
103,-0.5351386420737583
59,109.46058801585248
114,-178.90664693669393
99,-171.54477163268706
77,-116.5904063818843
95,-86.47903286249313
74,-157.62877607311555
80,-90.56785593251652
89,-166.58721724288256
116,129.13671213397726
133,-28.570927544001275
99,173.1897642769766
115,62.4158924809212
95,178.48033214893616
134,36.360135215130214
95,-66.34830149300548
63,94.79556785270248
102,-152.9260528277142
89,-87.4400158093789
100,27.5759836453761
92,102.31870867996568
101,-136.66885300083467
85,163.73543693807477
74,-131.1599308580451
83,-125.06853457452938
107,57.12389265821591
118,-134.8925929610188
95,-173.23231165585105
85,21.137566065064846
55,94.45291440535411
123,145.16116598173457
105,131.9661219352678
70,54.256951747849484
87,178.25100970670934
141,164.82252382203117
86,-173.69404245372246
83,157.32385834588706
72,-159.74184213596067
115,162.37901063224146
88,71.74446995313303
117,85.71822071224076
113,-130.87905547293937
100,105.91463028656615
88,-173.16258996492127
113,134.04468364079716
124,90.16151128973023
94,-81.00799174590436
118,90.0706938935892
102,-122.34357641086466
102,-124.45124901929644
97,178.23546181820254
95,24.11990085630037
106,84.64756194776638
107,178.928193850112
124,121.96089263430068
113,-133.2424891862642
80,126.57937781154531
85,113.72868273080766
89,40.231052865857954
108,141.16060670670353
90,156.47034515287402
107,98.47738548734971
106,166.4248030584971
89,-169.46829216634183
88,133.26900069309087
119,145.63008450988204
109,169.00470298496197
102,-35.361814480630805
90,-9.76905441748493
93,-17.725931961623466
88,-167.55100712249646
109,89.13684514238574
117,-127.46373510650432
98,25.698056382820486
73,-131.38887057321068
88,154.71790283743977
78,25.519860497783842
119,145.08988014830547
95,-42.848567935100576
108,52.02286878103627
91,5.912376782700831
95,-89.24525477743612
84,-106.63478362181728
114,-31.344645245441257
71,91.41763901627375
74,-144.2668528234545
91,141.77990402067957
100,-112.10568334957719
102,-119.3772626151551
76,120.74655902058599
86,-105.61622124262941
76,172.20167850465683
110,23.1008398589787
98,172.4114696624182
96,-85.62310108160321
72,15.025168315892758
96,162.41582698933618
122,-146.0359966084384
103,-116.59846112516965
91,-106.55877972248518
92,52.70219927991947
102,126.69918561396541
93,-100.4988519010304
83,13.838599167070614
77,16.18339277621784
108,-126.28903670417805
82,15.993049161433435
92,109.70684646292091
72,86.21034488389408
87,-164.66191116112904
98,160.8183235163381
96,28.748170548413192
82,178.68203211627213
80,-178.33483536005522
112,175.16360495883868
72,-152.0850217707904
85,148.55810247693222
112,-152.46748962116806
101,106.32332798321367
71,114.09732712918087
97,-177.0608357507722
119,122.7359731206904
91,-90.80052068529787
95,169.03937017282374
60,170.14714111969
47,74.2764826477664
113,-19.642457516712366
76,-153.50734670175603
105,52.169965766198374
65,55.07769888928068
101,146.51245421209924
101,177.86712351697713
81,141.23232182877283
81,16.732280152309205
124,179.02600556224473
93,-38.66959658631599
73,71.05164284264757
95,50.56261235237329
142,-141.610765457827
112,-135.09183343890703
127,36.131884455780714
93,-118.20031163662982
88,119.79304574204593
117,89.43542945148266
107,-176.4967405497036
101,-154.57117763270406
94,-111.08919473361229
111,94.6605681588908
84,-15.605456125309926
117,164.1686078680875
98,115.4699771068628
68,-170.3566142218648
79,160.15703572398945
104,130.74181798251468
124,40.638197569758105
112,175.07382075744982
107,-154.07199063776775
101,-162.82790553466089
86,104.60619177539041
90,141.33390376240553
85,-126.64968589218473
122,37.35877599437455
87,116.5265961341698
95,80.47978333652586
85,178.73011806633673
112,34.32075179871946
78,-153.8239908553924
90,-47.60417302677078
95,-18.314257118365298
96,-43.26557157496606
71,82.37445951844201
92,-81.85794220453984
106,-152.97205711129683
93,44.08986657471766
100,103.23651856608379
89,46.22604498090457
108,139.8547937279362
83,-153.38866245289373
82,75.2939607225133
113,-84.4628453082783
96,-166.65947545106013
89,-31.7077506244838
83,113.79855623525998
87,-79.0150964890971
80,-116.06100371748157
96,-70.51952415991673
93,58.30027321606392
75,111.29337865446524
107,53.3447486687077
109,167.0836720803031
93,-172.93433423613683
87,8.354214073750168
79,92.60740495864617
97,-124.61451643446291
93,165.6040877747128
93,171.50805493741424
39,114.68199784637672
94,110.68592773544408
90,-177.26726755581717
78,-159.6696930231156
74,-168.56619045923873
92,-48.78627667052946
107,173.59545810917265
92,-4.782799305895457
109,141.3769220884906
79,-140.51559373084137
127,118.96191250374387
56,132.4015632517407
109,119.82297093807674
122,-128.72192969556247
110,19.96912872007575
71,-167.41201384705997
142,60.096614327997074
78,142.35311019012553
107,-50.84483529191667
108,143.466524124647
95,131.42456611539825
80,-76.01948383776107
103,98.01078085388333
72,129.25738115654352
97,80.73449242324685
142,42.04068567877145
112,31.64719905031464
105,-121.79949667074733
80,161.87242178358372
121,-172.14109187093845
78,-176.60127227516284
119,-173.1583589717047
96,-43.719545743546334
80,36.84241754969379
112,-142.46352931710683
126,-137.6661040457771
104,-123.78707051589983
106,166.74432644314186
89,99.2659618145041
75,124.52963320078233
77,-158.4526755366884
118,145.47303730182173
101,76.7370383285281
137,-24.14067141303069
109,-178.60090672531265
95,-98.72059138318852
85,-119.75471622058231
60,10.803662789725951
122,87.59626759245229
104,94.25134209875627
107,113.13162243661115
102,50.99761438110413
75,-156.61864457639064
91,172.69538178776676
105,84.45854924175484
89,-162.59767156690748
79,162.3359729163034
88,128.6215321956894
73,116.61011282470344
77,-168.12328419900888
62,-151.9691488678303
67,-170.17470687078216
76,-153.52915537907978
116,60.181784263802335
84,-172.10151823142036
86,-99.58234601062392
97,176.50047130564116
80,-131.58841467537403
74,92.3889324295973
87,165.25190587111967
118,-146.04065154789757
80,97.44868937867523
76,173.48214921539926
112,55.97501617511811
94,113.94124496365214
95,-105.43449881202332
135,-24.833577633629396
120,24.79877071477516
75,146.41940117282724
125,142.03860481171083
91,-134.42891983218868
92,137.04045638817794
83,154.66322627637436
86,179.0926833582433
107,179.11721280783212
97,0.32499208918678085
77,-20.849045589866193
90,-11.055593985085942
109,-152.8184886998717
96,-43.91076087584573
93,57.15602291161653
74,-169.0979649508282
93,-157.7194060751318
75,-155.8160617641345
102,94.7215674590261
69,-159.89395817617503
80,-15.401357125450675
104,-153.8650290793404
104,-177.14130671841642
113,-138.6161571482065
96,107.73230488559471
81,70.74294067023101
90,139.12230576102348
118,147.27283510733113
89,-174.55518151947487
90,144.22969623978724
108,-154.52336942670513
74,52.64126629178268
92,-173.83055695594192
81,-108.91811089113008
92,-175.82843057041399
102,176.039149839446
70,166.70341775589912
97,170.203115746683
99,-67.0795655275433
84,-170.4096022127818
97,145.39810317949403
81,160.20175549851908
116,145.90795617915708
107,168.2392358024996
73,92.27773347620005
93,153.05895144868367
116,169.64714291674537
87,53.93160280277465
73,-34.521720492232696
72,139.8743005934309
121,-142.38186520262414
69,71.33029167595421
96,-113.45395595041178
111,145.8122280724257
68,118.22928028982993
88,-65.3200767316653
92,130.22259808653
108,-123.70248746127734
102,176.4000506567514
132,39.47630373496684
115,97.52658535430946
66,12.031494396250023
77,-167.25824378298935
82,-152.37623661906076
69,144.4353334542795
64,120.90702759019395
10,121.91978359286637
81,53.600256673578976
136,-125.18086512586285
103,-49.333659209914025
62,-152.56971692745316
72,-161.72536351634218
91,54.45740397127681
115,167.61305840728582
114,144.98510382577587
93,154.22904020189011
106,93.32961274732011
59,-67.05113931914872
82,148.86106557246376
106,-2.5244207987311245
128,35.78975007564116
97,-92.80743589917456
91,130.31656099043045
76,-150.66091173415305
92,134.4325484854274
78,87.36996141030562
90,103.44379170510312
85,-125.18156201981702
88,-105.61488786373815
88,-30.448625074270797
78,-70.87871417082351
95,154.29894371440125
104,56.26182195069021
116,-35.68640946911672
78,126.45449773405879
120,-119.10623041523547
105,-58.4636297307624
95,-2.631893707729087
64,-0.30198805460683603
103,133.08103540590156
90,131.03982872280037
113,51.89844752099786
91,0.20357452922800323
77,-131.83816509625586
85,19.01396363097987
109,71.87870701463704
84,-140.79649358479966
83,102.38385746995226
100,82.40004886164084
97,177.0936182479978
75,-114.19833974874938
110,165.9273561142438
95,118.27316917770003
108,-1.5516644442564878
74,-2.0561193781815286
90,132.49309239073162
84,-179.28231075845719
93,101.63392330054619
115,92.39244902382212
74,58.6848436483444
86,-95.04798069437129
86,-72.66260798137522
77,48.44976106881115
93,101.18066988609687
74,37.657907862335094
117,-147.93070170568473
95,-137.57273164642697
102,25.850032741062844
85,44.624319472426144
89,54.78406571311708
90,98.21263704977501
71,90.86985169348046
81,103.64163325688212
85,-173.06583396670607
98,145.59360976787852
84,-178.80189740987257
90,141.1817580571892
99,99.35378693849427
80,-72.40835832232237
116,-148.85959126399936
140,-26.055953782803876
71,105.71038525301668
108,-36.15350085929163
86,83.88959234199973
118,145.84181796633243
73,-159.46474306452663
89,-11.693578131454858
126,149.6273615701903
106,155.25728672711517
103,-133.35935640602594
95,168.39467089849316
79,120.05636607133867
74,146.4412621846367
97,102.6677954805654
80,-87.14529280985661
60,-31.65833414830547
64,88.4678654334102
105,134.064082562964
136,34.0447242794971
74,-133.4528095586552
71,80.11587340881542
121,-130.1369990664038
87,105.39022643101929
86,78.01256241075272
104,134.33033587321952
85,149.38201768553824
119,57.36916175204153
125,-156.40381140967753
109,132.1080760413024
71,118.60155166430643
100,77.77048942092642
99,-55.01642550155736
92,99.612413272654
71,142.2127253757984
71,-105.59570457658342
94,76.36160749267313
92,148.78869227361687
65,-166.83356028300753
59,-169.90688754666616
81,-151.1683492852393
112,99.74138306975969
92,-167.82239898501678
90,126.47443833335818
62,-118.94832858442452
96,120.01861838294636
107,-136.9416246614171
74,-173.26719143214098
113,-139.8156107730759
137,88.74554837731847
96,-30.097830231209137
107,86.70586206239535
80,63.28591031200488
88,139.59439701368186
119,172.0848073970521
103,-135.26716672549588
105,147.73430799269286
142,41.4749529638753
92,-133.3912490532164
84,112.85013985141951
98,-41.78115602018194
74,118.28163342622611
93,47.74371448089447
123,55.04038379970146
87,148.05119883421588
141,41.23708546945484
89,117.8895191311924
93,-14.068184735120193
104,-133.0683019828005
114,146.41517691142812
100,-72.60729803742893
89,-136.14412980334885
97,178.06068934196188
86,101.2480653752409
88,-178.75527665541364
84,-164.1587303622538
83,-5.814638310054584
93,74.41669674343754
69,158.49733537145084
98,-133.39994533149917
94,78.9434114604036
68,178.27662237942903
88,136.6446441451343
129,161.387964165474
97,31.283914297596187
91,-172.43636241262547
117,136.05723819379165
84,112.74159082021721
90,155.95942966050828
96,154.94938427139323
119,119.95672689882697
79,129.67805096969818
64,122.3931417486293
70,-154.21474117970138
89,-125.30480169805391
140,-28.827125599713643
100,-23.74702075330631
96,-158.64129524178753
72,92.341194949025
107,134.3519218204879
102,121.43859532237006
71,143.46631031106483
142,-22.672012341908975
87,139.76601191505594
114,93.5236602238227
93,138.40402354735576
98,111.12373602470007
106,93.55722779462181
94,-117.24415012008485
111,119.3231769969643
104,36.817713411068965
107,-42.830100515046254
81,-97.63894981195297
104,26.902753138047714
83,50.19779480248969
96,82.60105444001076
121,39.89482337633514
92,-111.86732540304426
109,161.9131708535275
81,139.627192448313
84,-75.01974423826445
105,89.19442495118113
117,124.1436780279948
107,117.51552621335571
75,137.02997931289454
64,98.73322096165103
116,177.38023182297758
85,121.94762093421538
113,36.928741784218914
94,-126.955262673185
123,-29.904651814151922
84,-175.1987270856874
82,-4.607332752833951
122,-127.75913780280693
69,154.95977580777756
88,76.75062131946964
73,138.61508604285538
91,6.804611018219805
119,119.80689943150057
102,114.69179460142193
88,-109.80212333939242
92,-158.03714916774805
70,83.42503304686613
93,111.71549493191756
103,-62.567872433716076
68,51.52860750339595
74,-165.2219647909412
122,-167.06957833255015
113,37.26857994696312
86,102.82662454237948
87,148.2622525679032
124,149.73126718152048
102,131.30009269299418
95,-174.66238541990072
106,-131.01384869356227
68,157.90777433207694
72,174.07497560692292
115,179.57136723737486
138,-27.95362271708601
94,-73.07915252292838
79,-137.63813289457835
95,-34.82091797789891
84,-79.52791132491697
143,-28.496534304230003
109,-161.85693415726476
86,71.01600462429856
80,162.23687613177117
100,150.888866791471
89,-98.04460257108585
97,119.98627701016503
126,-125.66224808404391
95,-7.9891534527498385
141,40.63265866707891
117,90.24848478818788
78,166.69452707717028
82,140.48474350378962
99,-176.06327459534143
107,120.09320916669576
71,162.5223670107882
113,120.02217399110317
93,167.7853552953065
80,75.00788310147469
83,-149.54409932230269
90,151.79035119094684
84,49.990366766102916
114,91.69894620170383
84,33.58941135907412
92,-133.37622039816404
93,120.04173891024851
72,92.14048172615007
121,31.98401516251238
106,-154.76969879545214
72,53.3768838853668
84,67.52020464272408
91,115.81449954183567
94,-92.3834671636062
71,-143.39714144221563
129,163.74189068713497
139,77.89041822652864
124,138.1978598127523
102,167.28764461144328
104,23.112818999977264
101,-44.35687437160995
99,179.21864219873754
121,-128.68606836830102
120,89.39817511723658
116,-120.3593303903064
109,57.234871036341694
122,153.01437096025904
99,-134.14215244307184
76,54.12334317535224
106,166.1060819239858
91,-85.82932265524113
105,144.2168500108675
84,156.99230416613705
73,137.26198557956033
101,-89.25930751796325
87,-163.4366632199406
123,168.2017187621527
104,13.749193220015785
80,-147.65160843322988
87,172.15233566589396
100,32.9516781751482
84,-118.979323148931
70,-159.33541140095755
74,-17.453325229640903
75,73.53684849183706
84,75.04876058195173
118,-133.76846050932974
85,120.43669476854977
94,-24.357326939680647
88,120.30381454886265
111,94.34118229556933
116,89.68997787684222
139,-26.020562020431164
82,101.94024629012713
104,-61.728997361847085
109,-147.6542389808835
95,119.60796725762695
106,-136.6795592730744
88,95.95992724939194
122,99.67791650505384
112,112.60731512247219
99,166.9654374944971
105,103.77860322711673
82,103.62195471030432
111,151.7618062192434
103,-154.51321368331088
128,31.8831876015374
72,-163.0919369037634
101,-48.965618448379914
112,150.66088048138286
69,-100.24788719162287
83,97.17203334968309
111,98.81338105535701
106,60.10413473480867
126,-32.41967244574244
74,112.64713311648114
120,139.7462162272596
108,168.4784158604628
123,83.64394418767185
114,-177.26305354634283
80,-153.5326582384741
120,148.7072269953554
102,35.185906591992705
119,59.53622477050198
90,121.58822192003981
111,54.15542756531305
116,-127.21189910560479
106,133.67047153103263
91,4.935796007686433
116,165.3591042040817
101,58.69884917375262
101,126.05711802150613
91,-87.56750579818387
103,-2.3625713750328483
93,-174.8128632057387
92,-95.98709176400952
109,86.27365280294052
95,-159.71653927185716
98,-28.99172365505085
73,115.2662211572428
95,-73.44396886608325
82,110.38942952877069
100,105.17706218404092
108,162.10834583624032
102,72.85825722962396
111,-140.04214534084448
99,121.1374766737289
95,-7.575913249607286
113,132.5062420555409
117,-121.03116665623368
119,-139.40375334727744
72,106.31822282442845
105,130.79403082607686
87,-157.83968045018773
71,135.23929932081106
85,-179.49049953237022
86,173.15640991971947
88,153.02576158569704
130,38.86534279708434
93,-158.64738402220956
93,75.5572846597473
81,119.9016328390964
92,46.68101846982772
66,83.92469434737545
90,122.94561384015583
60,160.0229653578733
103,74.6482465259773
129,86.73176532058557
110,54.65866696000523
92,-162.72837441665152
108,49.11706029834964
75,-143.0794370883302
93,75.35250104358563
109,115.83440423732954
61,174.4665699541426
95,118.9540141346892
91,-79.80271787232785
71,154.50986245543987
78,35.804149606639754
92,-145.8888263288524
63,81.51930980801885
91,174.1619271790229
72,168.40351791251558
72,173.49588130151042
108,34.02038291727691
63,82.45314384311618
95,-176.69171455843826
72,102.46959324460498
84,71.1825865672984
107,-122.41129005478466
89,-152.60366625069173
92,-153.1564043195123
84,154.96798560369228
56,85.25781906959446
83,178.04998914791506
93,157.89554619724635
96,178.98055345200157
105,-176.67299773418023
103,123.12195480261809
89,-85.42931247692465
118,171.20818150238262
106,132.55557246781277
88,-134.97524484069714
75,134.14821598937814
78,15.661989400826604
113,-138.19709458599164
94,164.61941324631425
116,-28.883233941976737
83,-177.43618443633935
87,172.2093224373497
108,-124.81610341851996
119,-105.36441605687956
77,167.49835309848532
82,155.18617779960783
103,47.35113393716893
88,139.24480688883517
84,-150.68461796875556
53,-128.24087593775184
104,-40.83132087827436
108,-123.25500385765136
103,130.09865656430054
119,-138.98243199385269
94,-46.3731522940767
102,-71.65917344469703
117,80.4749155857341
71,127.1958174010055
126,-30.46466314739159
86,117.64241937701144
111,92.93649747485223
94,75.26955777224885
63,149.071860736326
118,141.35580840074414
123,87.68411357089019
96,-25.725842684743018
93,-164.61862885925336
100,64.3969520372593
111,83.8741334562936
83,117.29903636566404
112,37.72486547975886
106,120.48443820769452
108,-163.06890911727547
83,-66.63648222735159
74,-165.39615873748645
114,139.22227243550878
119,-173.12817422991753
98,83.45751849196255
99,129.22450428384715
109,173.91173229086664
60,156.0697963192665
95,-86.28290177203073
78,114.04281218622543
117,-128.8256837834237
77,-175.46960356404563
83,40.49238529588531
118,148.5037925397237
77,36.07182783665112
103,-115.98269446389848
94,162.46912770518998
110,-59.875796870590456
96,81.26995191297208
113,166.25215842847157
95,121.49494162096275
116,-98.1765428762079
77,83.40382237118064
100,59.855730045361874
67,-16.202148045931114
75,19.39230230674539
113,178.52282661753435
116,-174.13043526502685
84,-177.40318446043545
81,-98.1388171938256
97,118.14425925571665
121,88.44896677211071
134,-145.8422049628109
85,-112.386928438685
99,12.3620329910273
73,129.74236641527523
91,-145.09891784589558
110,-178.3751660909471
90,-124.61405890535416
87,-177.1245357694247
118,140.76661724682842
66,46.35811061703252
82,150.5779889344406
56,177.0228534604604
102,55.421862714405805
73,-16.585932735327553
61,3.5083083912543396
86,19.201995867676374
89,50.786193520728204
101,93.22593504906716
93,-175.7260699587502
63,123.00078113792449
80,153.0157846260373
73,102.89374103302818
78,45.12197257965209
119,-174.24940104996932
69,55.72058155195912
113,80.35782352355773
82,125.9556879558194
86,-174.50823354626286
63,71.46895141190436
79,-76.74014558436386
84,-147.00310199825702
107,-161.0526024048848
76,138.31429693339905
86,-84.52266582849718
76,-131.14749914437724
112,-32.81513082690222
81,154.62157794718328
94,14.028846313050053
87,78.6453256562563
112,34.7606186138602
117,-123.41310843548031
85,-77.93926961099443
99,-165.0656788973129
76,121.18471817204157
84,-14.951159814605454
82,117.63454086243445
114,-134.52968692674128
98,169.83127281218023
91,3.6233277499609224
98,160.55221358701365
106,133.60271293266342
104,61.991864765330035
127,41.69791214186492
96,166.43219627657075
82,-38.84668878325669
99,170.72621561728644
109,128.84850595561872
103,-159.8214025994608
109,-129.94861609337136
78,126.29922692855445
123,-131.23741255808878
100,-63.88823954610698
87,153.7216364125837
81,152.9909093382757
116,141.5467156212352
87,17.58214547294334
94,-70.66267375688328
87,168.15117544320847
117,92.87982633519884
121,-148.51387368873822
70,-163.05130976047184
109,-3.798097890619817
104,175.75620096325105
76,124.18294446048404
92,-91.83612361169523
75,-76.99688060493328
71,86.07381595633676
106,-176.96859101603275
107,139.26764593465137
80,-64.93627766878083
121,-140.88558129856295
90,-171.71525864573272
99,-19.15852959664791
77,-12.473343847839093
86,9.427863324715165
67,124.37271153443852
94,134.92873254309836
109,54.03454525179862
91,-104.45343410324706
76,147.2551056748205
126,94.68589874033245
88,95.63995771577957
109,52.55428245961942
83,126.61532288287655
112,-178.554597716613
99,122.97987877632818
90,-69.48646893925255
97,163.62267740652163
89,179.1820723781735
106,-60.599176601191886
59,68.37281486804035
87,148.65496235242887
73,114.3896838783354
75,137.97149055469782
86,175.78339511191498
128,-135.6611481396458
102,94.85086802565526
99,59.7768958711724
69,-14.017496827720423
65,-167.82150569131537
101,6.5439123214523836
111,-89.13610500942042
104,-116.32581932467455
67,115.13825845390734
92,116.40456804364895
97,-14.956329606583846
70,140.0683090664659
116,118.19956416234943
70,79.06737277189339
90,58.15092053108925
102,-72.26412606351796
117,86.94327626267706
91,-155.77880388540626
97,161.3180636702064
39,90.89507137955381
77,-112.8810070131505
86,-170.8893617915387
125,161.89865183985492
109,97.95727644281037
73,56.130436395853245
114,-137.47540640136646
110,-29.330765685961484
74,136.1275169903678
91,155.55581604268968
95,160.96711560386228
117,154.65105758387165
137,23.581651144849882
71,130.77803116030614
114,10.618691457075998
99,177.62572825431175
109,168.21242007528687
86,32.4791081274394
87,34.69558768927081
73,140.90752039482607
112,127.30797847594256
62,84.1894609002665
98,-87.16960693571602
94,-36.08166310089719
75,114.80789241068078
107,-134.50328421575904
83,9.294788612409409
110,-44.81417275987282
98,27.08470496685837
74,121.0677409825614
73,118.74978033395378
90,-47.362404966827675
120,74.04918454438102
100,99.82948281304856
116,176.4153290546674
110,-178.5597319424451
83,143.65733466096054
135,39.14819677147282
70,-159.30053928937522
97,-112.88555409490932
85,11.301785665407584
65,53.75121600493963
95,48.00359859255187
98,172.51416698557742
117,-148.89964423019683
105,-40.42513597509541
76,-104.84702870173196
86,-127.10520627023138
76,-148.36297350259642
70,171.27964241594933
80,129.9619789824944
90,-174.1171847504688
85,-152.01804765102705
101,-3.8898047358277426
98,145.1201566259266
104,-38.77692366348352
80,73.31524018361473
90,-108.89587313736698
90,-167.14468149403635
87,62.75080004468892
83,117.79002325681849
81,141.56211299077006
99,11.927984464773315
72,82.98174869251275
103,134.8284515375092
102,6.947581559853522
118,78.31161805873687
101,-161.93797791555127
105,115.53827065288597
79,158.16458235863715
69,55.476394546580366
109,135.07254477651333
89,108.71688215883054
75,119.36063362909972
120,41.8362258153988
117,86.3397243227265
105,133.9792146167666
99,-132.9747590362739
108,48.710498052657236
114,-122.58530169310833
100,108.794982026606
89,-154.59533506010004
114,-139.8874127156397
80,157.31395820632892
72,80.56945521418224
91,140.13116299094034
89,142.75512469562213
91,120.01372358175875
110,-76.16969393729102
96,-43.39399671395553
90,-113.00650592642764
89,22.155885610269806
103,-90.8909759235757
110,11.982048248832992
109,136.76214339404677
80,110.04133556439184
65,75.28775666140845
102,74.02370304001721
88,7.248176152908267
85,123.3843736222343
133,39.06678122831063
93,168.575570350912
120,142.81402431974348
50,-61.4419000390255
70,-109.45466412654778
86,36.223432091055464
74,124.55069507701549
102,115.20863490341097
70,164.02806174356522
87,139.7465156077487
122,145.95343372223334
80,69.89186003124367
57,151.8784761315689
118,74.18572738904021
106,71.83427156901605
93,19.82550090556074
96,110.73635909810449
82,63.61872587932182
108,-98.22249006085356
126,88.52699735840736
75,-16.84572885496661
101,144.14737215559902
95,76.04901299082938
98,168.9360956639063
120,85.54212146434905
91,130.8797947231499
66,-171.67300233362175
111,143.91913541672272
100,-45.36014976288537
99,-132.89271354038445
113,49.99216384950191
74,160.89224357535429
115,-32.09367063469824
62,46.2765671426805
116,124.18826083352384
115,33.58928992686672
76,76.31936326462521
93,4.884390451668169
74,58.51966702745432
128,74.31708800157658
141,41.891609898217624
115,84.38400633649762
109,-140.19337877697188
130,-146.41514983737193
123,35.66383396891538
116,165.20505058566778
90,172.77765254919103
99,76.20379375718225
88,128.50303587920644
74,123.42633695509556
90,-118.71789815904691
92,116.83567169658927
89,-176.6752508427025
102,39.60132774633966
99,4.92636460289054
99,83.6803654787669
84,70.6776635730104
107,117.34845408540693
98,130.65537142446627
69,-101.09496984728831
38,99.73906724777272
128,139.867002884953
111,-87.92376884560788
102,38.58392158650432
104,35.563995664781274
70,110.4562189539624
112,81.93531088564335
83,155.86953952662026
101,133.55113974853543
114,-133.12035823498564
79,78.51528280838896
95,-160.25983268747672
98,116.91326711623704
102,55.33351173563658
104,178.93624156362358
82,-6.957925528987045
80,-73.79453341616167
89,178.6747309575598
110,140.61345147807685
84,-116.49815163654932
64,98.88928218929752
116,-134.54791126721506
96,-174.86995901992245
93,-84.07383384173322
90,116.2098311211189
102,86.94573595192134
101,25.934534961997706
88,-85.51676571671376
109,149.49797810980346
58,172.37691713752866
97,-34.66352474839928
114,165.83416994298037
99,118.76003169626127
85,100.36801022888167
109,177.763554576464
89,115.41136051942252
65,66.49069596454888
101,-118.59337880138087
106,-136.7013439047535
81,157.8485065655567
103,133.05309036413547
93,-48.34964709148769
77,-147.6628182865935
77,-98.62398788639052
77,127.45744297850749
88,-105.29972364912904
78,112.2025951253601
98,-133.15952750378676
93,76.35629284623792
97,-136.77181707840023
103,-3.344725300630189
88,11.948114286733361
98,-162.35707958344503
117,134.20901780493293
121,-26.999104713199536
95,160.26120396651694
110,-1.8371720044900768
73,-157.56651229160872
120,123.76822525493552
97,74.09194048656379
90,139.75039826233157
93,-104.71635786341307
73,160.7837878535277
99,45.11310214518463
85,105.09545125988913
80,122.16285517971343
91,95.21884062301064
76,133.18570145365746
72,163.4770717788976
84,-174.13064184384407
57,171.9463126935924
65,54.27865125261578
104,-51.78031994897241
82,149.03536117006692
108,-175.4336932272826
111,88.74188658057949
86,-104.90659704518878
107,-151.80526106168392
98,-88.8095145746923
91,163.2464500545884
110,-133.98229897271807
112,-135.40163637016403
71,55.90088959234246
77,179.79839617064593
93,-99.17214444546441
96,-80.65047768122045
112,164.8990071148562
117,88.60119177932437
133,38.585754800694595
63,-117.47150812487119
81,63.877165325354525
113,-20.917112229113737
73,159.9732380871342
74,51.831361561474104
78,179.49442600382017
91,-171.65558382544833
81,33.932029154469355
86,97.49198200399422
110,120.2285149513929
73,-164.03872720343978
109,168.21786090255185
79,31.833043360541016
84,54.89764926025683
63,85.77470326824108
83,138.61894813876248
86,-145.19247476465839
88,133.21954965950627
84,-132.49138264815747
95,-126.90144055443474
114,89.3657576248681
107,-162.87304192442275
94,162.71640647132196
102,-4.344526304296395
109,-125.41872298771764
80,31.29177184661553
87,127.20126976766629
92,130.84278691244825
89,105.7029720038736
85,162.03032467114178
123,-137.03752566118317
103,17.919440853753624
118,-140.09023014749323
97,-127.6984671002221
94,-158.0871614675
73,9.124057564052018
81,-148.0658997715671
82,30.66511794539189
108,173.0067372275315
85,32.874459374873304
95,108.9055187246918
100,132.55991724482047
86,-113.87994905483386
70,100.82441939863308
97,159.87187018834493
107,60.817992786244396
117,145.38976489371805
103,135.61821661948443
86,-178.42313757660474
121,32.749754134269295
70,-159.51173419832259
71,86.30086000139674
95,-64.91396816544741
75,87.21220010032376
72,108.37580350016984
61,81.15095972318342
95,163.56620829217212
79,101.85418417221523
110,166.42595842947952
77,-131.80609827220022
102,-72.47627009070112
94,-66.11937552909231
81,-74.53030104360244
91,-128.17560828034829
128,38.07226620109256
114,61.67915755670894
108,-44.97130237296048
69,67.90068830746408
108,161.29348399597905
81,-147.58359141654228
113,-32.53102018515991
109,91.73428988386554
97,109.07411067537218
106,164.6734052929506
85,103.94548421141732
106,84.8803973404931
99,-136.72278356627888
74,-163.71315122835085
88,-174.52975169337697
114,168.87979263894346
94,173.32048131729366
114,99.27056788604625
116,-140.43753576565564
100,122.12334647645939
134,36.149255574589084
94,75.7584032103989
96,165.69155481694747
140,40.47808996900247
89,-172.49775051839256
120,-131.1734990763712
96,-40.53158048453758
83,-144.03526502727794
130,37.71373161561661
70,61.82425747576526
99,-67.1247454811407
101,38.80618555716884
113,-4.306253005723494
105,165.31927974188054
74,-16.663252675239452
104,38.58717060012945
98,118.3105087588976
102,11.955082174480376
96,5.186849814163729
88,-178.6655668373637
99,-4.040424086820604
88,80.40934915688483
122,123.35349378498053
73,82.29351121635148
100,128.31621487623784
78,-161.05453811585292
113,174.7490471047383
86,42.96022942624206
85,-73.82224387604877
93,139.99155379734026
85,146.74228519701765
100,-117.03326039806669
116,3.1430283763841063
76,37.770411988285765
124,-146.61971616444484
123,-135.67035395599547
110,-91.63559369033918
94,-43.52722225670644
83,96.56682551850024
81,106.34319598536092
89,172.0901394063815
121,-135.83146349767864
